1 -2
2 -2
4 -2
132 -2
5 -2
133 -2
6 -2
7 -2
8 -2
9 -2
10 -2
11 -2
139 -2
12 -2
13 -2
14 -2
15 -2
143 -2
16 -2
144 -2
17 -2
18 -2
19 -2
20 -2
21 -2
149 -2
22 -2
23 -2
24 -2
25 -2
26 -2
27 -2
28 -2
29 -2
30 -2
31 -2
32 -2
33 -2
34 -2
35 -2
36 -2
37 -2
38 -2
39 -2
40 -2
41 -2
42 -2
43 -2
44 -2
45 -2
46 -2
47 -2
48 -2
49 -2
50 -2
51 -2
52 -2
53 -2
54 -2
78 -2
79 -2
110 -2
113 -2
117 -2
245 -2
118 -2
246 -2
253 -2

110 -1 117 -1 139 -1  -2
27 -1 253 -1  -2
17 -1 27 -1 143 -1  -2
110 -1 117 -1 143 -1  -2
17 -1 35 -1 117 -1 143 -1 253 -1  -2
9 -1 143 -1 144 -1  -2
17 -1 117 -1 143 -1 144 -1 253 -1  -2
31 -1 143 -1  -2
1 -1  -2
2 -1  -2
28 -1 253 -1  -2
35 -1 36 -1  -2
4 -1  -2
110 -1 118 -1 143 -1  -2
5 -1  -2
6 -1  -2
7 -1  -2
8 -1  -2
9 -1  -2
10 -1  -2
11 -1  -2
12 -1  -2
13 -1  -2
14 -1  -2
8 -1 110 -1 117 -1  -2
15 -1  -2
16 -1  -2
8 -1 35 -1 143 -1 245 -1  -2
17 -1  -2
18 -1  -2
19 -1  -2
20 -1  -2
35 -1 143 -1 246 -1 253 -1  -2
21 -1  -2
22 -1  -2
23 -1  -2
24 -1  -2
8 -1 35 -1 143 -1 253 -1  -2
13 -1 17 -1 253 -1  -2
25 -1  -2
36 -1 143 -1 144 -1 253 -1  -2
26 -1  -2
27 -1  -2
28 -1  -2
29 -1  -2
30 -1  -2
31 -1  -2
26 -1 143 -1 245 -1  -2
32 -1  -2
9 -1 117 -1 143 -1 245 -1  -2
26 -1 143 -1 246 -1  -2
33 -1  -2
29 -1 253 -1  -2
34 -1  -2
35 -1  -2
36 -1  -2
8 -1 110 -1 139 -1  -2
37 -1  -2
8 -1 36 -1 117 -1 143 -1  -2
8 -1 117 -1 245 -1 253 -1  -2
38 -1  -2
39 -1  -2
26 -1 143 -1 253 -1  -2
40 -1  -2
8 -1 110 -1 143 -1  -2
9 -1 117 -1 143 -1 253 -1  -2
41 -1  -2
9 -1 17 -1 18 -1  -2
42 -1  -2
43 -1  -2
8 -1 18 -1 143 -1 253 -1  -2
17 -1 26 -1 245 -1  -2
44 -1  -2
35 -1 78 -1  -2
17 -1 26 -1 246 -1  -2
45 -1  -2
46 -1  -2
47 -1  -2
48 -1  -2
49 -1  -2
9 -1 17 -1 26 -1  -2
50 -1  -2
17 -1 117 -1 118 -1 245 -1  -2
17 -1 26 -1 253 -1  -2
52 -1  -2
78 -1 117 -1 253 -1  -2
53 -1  -2
54 -1  -2
8 -1 36 -1 245 -1 253 -1  -2
9 -1 36 -1 143 -1 253 -1  -2
9 -1 17 -1 35 -1  -2
17 -1 117 -1 118 -1 253 -1  -2
9 -1 10 -1 253 -1  -2
26 -1 144 -1 245 -1  -2
30 -1 253 -1  -2
27 -1 245 -1 253 -1  -2
8 -1 117 -1 246 -1 253 -1  -2
26 -1 144 -1 253 -1  -2
26 -1 78 -1 253 -1  -2
9 -1 117 -1 144 -1 253 -1  -2
17 -1 27 -1 245 -1  -2
35 -1 110 -1  -2
78 -1  -2
9 -1 143 -1 245 -1  -2
79 -1  -2
9 -1 143 -1 246 -1  -2
110 -1 117 -1 245 -1  -2
139 -1 143 -1 245 -1  -2
17 -1 27 -1 253 -1  -2
35 -1 117 -1  -2
35 -1 118 -1  -2
8 -1 9 -1 26 -1 253 -1  -2
27 -1 117 -1 143 -1  -2
9 -1 143 -1 253 -1  -2
110 -1 117 -1 253 -1  -2
9 -1 11 -1 253 -1  -2
139 -1 143 -1 253 -1  -2
31 -1 253 -1  -2
27 -1 246 -1 253 -1  -2
26 -1 143 -1 245 -1 253 -1  -2
35 -1 143 -1  -2
9 -1 144 -1 245 -1  -2
110 -1  -2
35 -1 144 -1  -2
113 -1  -2
10 -1 245 -1 253 -1  -2
17 -1 28 -1 253 -1  -2
17 -1 35 -1 36 -1  -2
36 -1 117 -1  -2
36 -1 118 -1  -2
8 -1 117 -1 118 -1 143 -1  -2
117 -1  -2
9 -1 144 -1 253 -1  -2
118 -1  -2
110 -1 118 -1 253 -1  -2
9 -1 78 -1 253 -1  -2
32 -1 253 -1  -2
26 -1 143 -1 246 -1 253 -1  -2
10 -1 117 -1 143 -1  -2
132 -1  -2
133 -1  -2
8 -1 113 -1 143 -1  -2
1 -1 118 -1 143 -1 144 -1  -2
139 -1  -2
1 -1 132 -1 143 -1  -2
36 -1 143 -1  -2
9 -1 17 -1 117 -1  -2
36 -1 144 -1  -2
110 -1 117 -1 139 -1 143 -1  -2
8 -1 110 -1 245 -1  -2
143 -1  -2
144 -1  -2
17 -1 26 -1 35 -1 253 -1  -2
149 -1  -2
8 -1 110 -1 253 -1  -2
9 -1 13 -1 253 -1  -2
9 -1 17 -1 143 -1  -2
1 -1 133 -1 143 -1  -2
26 -1 27 -1 143 -1 253 -1  -2
117 -1 118 -1 245 -1 253 -1  -2
8 -1 36 -1 117 -1 253 -1  -2
27 -1 117 -1 245 -1  -2
34 -1 253 -1  -2
27 -1 143 -1 144 -1 253 -1  -2
8 -1 17 -1 245 -1 253 -1  -2
27 -1 117 -1 253 -1  -2
17 -1 35 -1 117 -1  -2
9 -1 17 -1 143 -1 253 -1  -2
9 -1 18 -1 143 -1  -2
8 -1 117 -1 118 -1 253 -1  -2
9 -1 35 -1 117 -1 143 -1  -2
17 -1 31 -1 253 -1  -2
35 -1 245 -1  -2
35 -1 246 -1  -2
35 -1 253 -1  -2
17 -1 35 -1 143 -1  -2
17 -1 35 -1 144 -1  -2
17 -1 36 -1 117 -1  -2
8 -1 17 -1 246 -1 253 -1  -2
8 -1 117 -1 118 -1  -2
10 -1 117 -1 245 -1  -2
1 -1 118 -1 143 -1 245 -1  -2
8 -1 245 -1 253 -1  -2
10 -1 117 -1 253 -1  -2
36 -1 245 -1  -2
36 -1 246 -1  -2
8 -1 113 -1 253 -1  -2
245 -1  -2
246 -1  -2
8 -1 17 -1 117 -1 143 -1  -2
1 -1 132 -1 253 -1  -2
36 -1 253 -1  -2
17 -1 110 -1 143 -1 253 -1  -2
17 -1 36 -1 143 -1  -2
253 -1  -2
8 -1 117 -1 139 -1  -2
8 -1 9 -1 35 -1 143 -1  -2
8 -1 117 -1 143 -1  -2
8 -1 117 -1 144 -1  -2
9 -1 17 -1 245 -1  -2
8 -1 246 -1 253 -1  -2
1 -1 118 -1 143 -1 253 -1  -2
118 -1 143 -1 144 -1  -2
9 -1 17 -1 253 -1  -2
1 -1 133 -1 253 -1  -2
37 -1 253 -1  -2
22 -1 143 -1 245 -1  -2
8 -1 118 -1 143 -1  -2
8 -1 118 -1 144 -1  -2
22 -1 143 -1 253 -1  -2
1 -1 118 -1 144 -1 253 -1  -2
9 -1 18 -1 253 -1  -2
38 -1 253 -1  -2
8 -1 9 -1 143 -1 245 -1 253 -1  -2
17 -1 143 -1 245 -1 253 -1  -2
8 -1 26 -1 35 -1 253 -1  -2
8 -1 17 -1 117 -1 253 -1  -2
9 -1 117 -1 143 -1 245 -1 253 -1  -2
17 -1 35 -1 245 -1  -2
1 -1 133 -1 143 -1 253 -1  -2
17 -1 35 -1 253 -1  -2
8 -1 9 -1 35 -1 253 -1  -2
9 -1 35 -1 117 -1 253 -1  -2
18 -1 143 -1 144 -1 253 -1  -2
39 -1 253 -1  -2
8 -1 17 -1 117 -1 245 -1  -2
17 -1 143 -1 246 -1 253 -1  -2
17 -1 36 -1 245 -1  -2
1 -1 139 -1 143 -1  -2
8 -1 78 -1 143 -1 253 -1  -2
8 -1 117 -1 245 -1  -2
110 -1 117 -1  -2
8 -1 117 -1 246 -1  -2
110 -1 118 -1  -2
17 -1 36 -1 253 -1  -2
8 -1 9 -1 36 -1 253 -1  -2
35 -1 117 -1 143 -1 144 -1  -2
8 -1 117 -1 253 -1  -2
110 -1 117 -1 143 -1 245 -1  -2
110 -1 117 -1 143 -1 253 -1  -2
118 -1 143 -1 245 -1  -2
110 -1 139 -1  -2
1 -1 35 -1 143 -1 253 -1  -2
118 -1 143 -1 253 -1  -2
110 -1 143 -1  -2
35 -1 143 -1 144 -1  -2
8 -1 110 -1 143 -1 253 -1  -2
8 -1 118 -1 245 -1  -2
1 -1 9 -1 117 -1  -2
1 -1 117 -1 245 -1 253 -1  -2
8 -1 118 -1 253 -1  -2
26 -1 27 -1 117 -1  -2
41 -1 253 -1  -2
118 -1 144 -1 245 -1  -2
118 -1 144 -1 253 -1  -2
20 -1 143 -1 253 -1  -2
26 -1 117 -1 143 -1 245 -1 253 -1  -2
35 -1 78 -1 143 -1  -2
9 -1 26 -1 117 -1  -2
1 -1 9 -1 143 -1  -2
26 -1 27 -1 143 -1  -2
1 -1 18 -1 143 -1 253 -1  -2
9 -1 22 -1 253 -1  -2
18 -1 143 -1 144 -1  -2
8 -1 117 -1 143 -1 245 -1 253 -1  -2
9 -1 26 -1 143 -1  -2
8 -1 143 -1 245 -1 253 -1  -2
113 -1 117 -1  -2
35 -1 117 -1 143 -1 245 -1  -2
17 -1 26 -1 117 -1 143 -1 253 -1  -2
35 -1 36 -1 143 -1 253 -1  -2
133 -1 143 -1 253 -1  -2
1 -1 139 -1 253 -1  -2
17 -1 110 -1 117 -1  -2
9 -1 27 -1 143 -1  -2
1 -1 117 -1 118 -1 143 -1  -2
113 -1 143 -1  -2
9 -1 143 -1 144 -1 253 -1  -2
1 -1 143 -1 144 -1  -2
36 -1 118 -1 143 -1 253 -1  -2
17 -1 26 -1 245 -1 253 -1  -2
110 -1 245 -1  -2
35 -1 143 -1 246 -1  -2
35 -1 143 -1 245 -1  -2
4 -1 245 -1 253 -1  -2
17 -1 110 -1 139 -1  -2
110 -1 253 -1  -2
17 -1 110 -1 143 -1  -2
35 -1 143 -1 253 -1  -2
44 -1 253 -1  -2
1 -1 8 -1 253 -1  -2
8 -1 143 -1 246 -1 253 -1  -2
35 -1 117 -1 143 -1 253 -1  -2
36 -1 117 -1 118 -1  -2
35 -1 144 -1 245 -1  -2
26 -1 117 -1 143 -1 144 -1  -2
36 -1 245 -1 253 -1  -2
1 -1 9 -1 245 -1  -2
35 -1 144 -1 253 -1  -2
35 -1 78 -1 253 -1  -2
8 -1 27 -1 143 -1 253 -1  -2
45 -1 253 -1  -2
17 -1 26 -1 117 -1 143 -1  -2
26 -1 27 -1 245 -1  -2
1 -1 9 -1 253 -1  -2
18 -1 143 -1 245 -1  -2
26 -1 27 -1 253 -1  -2
36 -1 117 -1 143 -1  -2
117 -1 245 -1 253 -1  -2
18 -1 143 -1 253 -1  -2
36 -1 117 -1 144 -1  -2
8 -1 10 -1 143 -1 253 -1  -2
9 -1 26 -1 245 -1  -2
9 -1 26 -1 253 -1  -2
36 -1 246 -1 253 -1  -2
1 -1 117 -1 118 -1 253 -1  -2
1 -1 10 -1 253 -1  -2
17 -1 113 -1 117 -1  -2
8 -1 17 -1 117 -1 143 -1 253 -1  -2
117 -1 246 -1 253 -1  -2
36 -1 118 -1 143 -1  -2
18 -1 144 -1 253 -1  -2
117 -1 118 -1  -2
245 -1 246 -1  -2
117 -1 143 -1 144 -1 245 -1  -2
1 -1 143 -1 245 -1  -2
1 -1 143 -1 246 -1  -2
245 -1 253 -1  -2
9 -1 27 -1 253 -1  -2
117 -1 118 -1 144 -1  -2
113 -1 253 -1  -2
117 -1 143 -1 144 -1 253 -1  -2
17 -1 113 -1 143 -1  -2
1 -1 143 -1 253 -1  -2
117 -1 118 -1 143 -1  -2
117 -1 133 -1  -2
1 -1 11 -1 253 -1  -2
117 -1 139 -1  -2
17 -1 110 -1 245 -1  -2
117 -1 143 -1  -2
117 -1 144 -1  -2
17 -1 117 -1 139 -1 143 -1  -2
17 -1 110 -1 253 -1  -2
17 -1 26 -1 117 -1 253 -1  -2
1 -1 144 -1 245 -1  -2
118 -1 143 -1 245 -1 253 -1  -2
246 -1 253 -1  -2
9 -1 28 -1 253 -1  -2
9 -1 35 -1 36 -1  -2
1 -1 144 -1 253 -1  -2
1 -1 78 -1 253 -1  -2
118 -1 143 -1  -2
118 -1 144 -1  -2
1 -1 118 -1 143 -1 245 -1 253 -1  -2
17 -1 26 -1 117 -1 245 -1  -2
36 -1 117 -1 245 -1  -2
1 -1 17 -1 117 -1  -2
8 -1 26 -1 245 -1 253 -1  -2
36 -1 117 -1 253 -1  -2
26 -1 35 -1 117 -1  -2
26 -1 117 -1 143 -1 253 -1  -2
110 -1 139 -1 143 -1  -2
26 -1 117 -1 143 -1 245 -1  -2
10 -1 143 -1 245 -1 253 -1  -2
9 -1 117 -1 118 -1 143 -1 253 -1  -2
1 -1 17 -1 143 -1  -2
26 -1 35 -1 143 -1  -2
8 -1 26 -1 246 -1 253 -1  -2
36 -1 117 -1 118 -1 143 -1  -2
36 -1 118 -1 253 -1  -2
17 -1 18 -1 117 -1 143 -1 253 -1  -2
17 -1 117 -1 118 -1  -2
117 -1 118 -1 245 -1  -2
9 -1 26 -1 143 -1 253 -1  -2
26 -1 117 -1 144 -1 253 -1  -2
17 -1 245 -1 253 -1  -2
117 -1 118 -1 253 -1  -2
9 -1 35 -1 117 -1  -2
17 -1 113 -1 253 -1  -2
1 -1 18 -1 143 -1  -2
245 -1 246 -1 253 -1  -2
8 -1 26 -1 117 -1 143 -1  -2
117 -1 245 -1  -2
117 -1 246 -1  -2
26 -1 36 -1 143 -1  -2
17 -1 117 -1 139 -1  -2
117 -1 253 -1  -2
17 -1 117 -1 143 -1  -2
17 -1 117 -1 144 -1  -2
8 -1 9 -1 117 -1 143 -1  -2
17 -1 117 -1 143 -1 144 -1  -2
8 -1 9 -1 117 -1 118 -1  -2
9 -1 35 -1 143 -1  -2
17 -1 246 -1 253 -1  -2
9 -1 36 -1 117 -1  -2
8 -1 9 -1 245 -1 253 -1  -2
118 -1 245 -1  -2
8 -1 117 -1 139 -1 143 -1  -2
118 -1 253 -1  -2
17 -1 118 -1 143 -1  -2
17 -1 118 -1 144 -1  -2
8 -1 9 -1 118 -1 143 -1  -2
8 -1 117 -1 118 -1 143 -1 253 -1  -2
31 -1 143 -1 253 -1  -2
8 -1 133 -1 143 -1  -2
9 -1 36 -1 143 -1  -2
22 -1 26 -1 253 -1  -2
8 -1 9 -1 246 -1 253 -1  -2
110 -1 139 -1 253 -1  -2
8 -1 26 -1 117 -1 245 -1  -2
1 -1 17 -1 245 -1  -2
8 -1 35 -1 36 -1 253 -1  -2
53 -1 253 -1  -2
8 -1 26 -1 117 -1 253 -1  -2
26 -1 35 -1 245 -1  -2
110 -1 143 -1 144 -1  -2
1 -1 17 -1 253 -1  -2
26 -1 35 -1 253 -1  -2
14 -1 143 -1 253 -1  -2
117 -1 139 -1 143 -1 253 -1  -2
1 -1 18 -1 245 -1  -2
17 -1 117 -1 143 -1 253 -1  -2
1 -1 143 -1 245 -1 253 -1  -2
113 -1 117 -1 143 -1  -2
1 -1 18 -1 253 -1  -2
17 -1 117 -1 245 -1  -2
17 -1 117 -1 246 -1  -2
26 -1 36 -1 253 -1  -2
17 -1 36 -1 143 -1 253 -1  -2
17 -1 117 -1 253 -1  -2
9 -1 35 -1 245 -1  -2
17 -1 117 -1 143 -1 245 -1  -2
9 -1 35 -1 253 -1  -2
17 -1 117 -1 144 -1 253 -1  -2
1 -1 143 -1 246 -1 253 -1  -2
1 -1 26 -1 35 -1  -2
1 -1 19 -1 253 -1  -2
17 -1 118 -1 245 -1  -2
8 -1 9 -1 117 -1 245 -1  -2
17 -1 118 -1 253 -1  -2
17 -1 118 -1 245 -1 253 -1  -2
78 -1 143 -1 253 -1  -2
8 -1 9 -1 117 -1 253 -1  -2
8 -1 133 -1 253 -1  -2
9 -1 36 -1 253 -1  -2
8 -1 1 -1 253 -1  -2
8 -1 9 -1 35 -1 143 -1 253 -1  -2
117 -1 118 -1 143 -1 144 -1  -2
1 -1 27 -1 143 -1 253 -1  -2
8 -1 9 -1 10 -1  -2
8 -1 9 -1 11 -1  -2
8 -1 9 -1 13 -1  -2
8 -1 9 -1 17 -1  -2
8 -1 9 -1 18 -1  -2
110 -1 143 -1 245 -1  -2
8 -1 9 -1 22 -1  -2
8 -1 9 -1 26 -1  -2
8 -1 9 -1 118 -1 253 -1  -2
8 -1 9 -1 27 -1  -2
110 -1 143 -1 253 -1  -2
35 -1 143 -1 144 -1 253 -1  -2
27 -1 143 -1 144 -1  -2
143 -1 144 -1 245 -1 253 -1  -2
8 -1 117 -1 143 -1 144 -1  -2
8 -1 9 -1 35 -1  -2
8 -1 9 -1 36 -1  -2
18 -1 26 -1 143 -1  -2
79 -1 117 -1 143 -1  -2
78 -1 79 -1 253 -1  -2
113 -1 117 -1 253 -1  -2
1 -1 26 -1 117 -1  -2
26 -1 110 -1 117 -1  -2
1 -1 22 -1 253 -1  -2
8 -1 139 -1 143 -1  -2
17 -1 35 -1 245 -1 253 -1  -2
143 -1 245 -1 253 -1  -2
13 -1 245 -1 253 -1  -2
1 -1 26 -1 143 -1  -2
26 -1 110 -1 143 -1  -2
1 -1 27 -1 117 -1  -2
8 -1 117 -1 143 -1 246 -1  -2
13 -1 117 -1 143 -1  -2
1 -1 23 -1 253 -1  -2
8 -1 117 -1 143 -1 245 -1  -2
1 -1 8 -1  -2
1 -1 9 -1  -2
1 -1 10 -1  -2
1 -1 11 -1  -2
1 -1 13 -1  -2
1 -1 14 -1  -2
8 -1 117 -1 143 -1 253 -1  -2
1 -1 17 -1  -2
9 -1 17 -1 35 -1 253 -1  -2
1 -1 18 -1  -2
1 -1 19 -1  -2
8 -1 9 -1 117 -1  -2
1 -1 20 -1  -2
8 -1 9 -1 118 -1  -2
1 -1 27 -1 143 -1  -2
1 -1 22 -1  -2
1 -1 23 -1  -2
143 -1 246 -1 253 -1  -2
8 -1 36 -1 143 -1 253 -1  -2
1 -1 26 -1  -2
1 -1 27 -1  -2
17 -1 35 -1 117 -1 143 -1  -2
1 -1 28 -1  -2
1 -1 31 -1  -2
1 -1 32 -1  -2
27 -1 143 -1 245 -1  -2
1 -1 35 -1  -2
1 -1 36 -1  -2
8 -1 118 -1 245 -1 253 -1  -2
8 -1 117 -1 144 -1 253 -1  -2
27 -1 143 -1 253 -1  -2
117 -1 118 -1 144 -1 253 -1  -2
17 -1 18 -1 117 -1 143 -1  -2
8 -1 9 -1 143 -1  -2
8 -1 9 -1 144 -1  -2
9 -1 118 -1 143 -1 253 -1  -2
8 -1 10 -1 117 -1  -2
18 -1 26 -1 253 -1  -2
18 -1 117 -1 245 -1 253 -1  -2
17 -1 18 -1 245 -1 253 -1  -2
27 -1 144 -1 253 -1  -2
8 -1 10 -1 143 -1  -2
1 -1 26 -1 245 -1 253 -1  -2
1 -1 78 -1  -2
110 -1 139 -1 143 -1 253 -1  -2
10 -1 143 -1 245 -1  -2
18 -1 27 -1 253 -1  -2
8 -1 9 -1 17 -1 143 -1 253 -1  -2
28 -1 117 -1 143 -1  -2
10 -1 143 -1 253 -1  -2
35 -1 110 -1 117 -1 143 -1  -2
8 -1 17 -1 143 -1 144 -1  -2
1 -1 26 -1 117 -1 143 -1  -2
1 -1 26 -1 245 -1  -2
117 -1 133 -1 143 -1  -2
8 -1 17 -1 143 -1 245 -1 253 -1  -2
1 -1 26 -1 253 -1  -2
26 -1 143 -1 144 -1 245 -1  -2
8 -1 143 -1 144 -1  -2
26 -1 110 -1 253 -1  -2
132 -1 143 -1  -2
17 -1 35 -1 117 -1 253 -1  -2
1 -1 110 -1  -2
1 -1 113 -1  -2
11 -1 245 -1 253 -1  -2
13 -1 117 -1 253 -1  -2
1 -1 117 -1  -2
1 -1 118 -1  -2
1 -1 27 -1 245 -1  -2
1 -1 27 -1 253 -1  -2
1 -1 132 -1  -2
11 -1 117 -1 143 -1  -2
1 -1 133 -1  -2
8 -1 78 -1 143 -1  -2
1 -1 139 -1  -2
133 -1 143 -1  -2
117 -1 118 -1 143 -1 245 -1  -2
1 -1 143 -1  -2
1 -1 144 -1  -2
8 -1 9 -1 245 -1  -2
36 -1 143 -1 245 -1 253 -1  -2
8 -1 9 -1 246 -1  -2
117 -1 118 -1 143 -1 253 -1  -2
8 -1 9 -1 253 -1  -2
26 -1 143 -1 144 -1 253 -1  -2
1 -1 35 -1 36 -1  -2
1 -1 28 -1 253 -1  -2
8 -1 17 -1 143 -1 245 -1  -2
8 -1 35 -1 117 -1 143 -1  -2
8 -1 79 -1 143 -1  -2
10 -1 17 -1 143 -1  -2
8 -1 17 -1 18 -1  -2
8 -1 17 -1 143 -1 253 -1  -2
8 -1 17 -1 22 -1  -2
2 -1 143 -1  -2
8 -1 17 -1 26 -1  -2
8 -1 17 -1 27 -1  -2
8 -1 10 -1 245 -1  -2
35 -1 36 -1 117 -1  -2
8 -1 35 -1 245 -1 253 -1  -2
8 -1 17 -1 35 -1  -2
8 -1 10 -1 253 -1  -2
8 -1 17 -1 36 -1  -2
26 -1 117 -1 118 -1  -2
9 -1 35 -1 143 -1 253 -1  -2
17 -1 18 -1 117 -1 253 -1  -2
9 -1 117 -1 245 -1 253 -1  -2
26 -1 245 -1 253 -1  -2
28 -1 117 -1 253 -1  -2
9 -1 18 -1 143 -1 253 -1  -2
1 -1 26 -1 117 -1 253 -1  -2
35 -1 36 -1 143 -1  -2
8 -1 143 -1 245 -1  -2
117 -1 133 -1 253 -1  -2
8 -1 143 -1 246 -1  -2
10 -1 117 -1 143 -1 253 -1  -2
26 -1 117 -1 143 -1  -2
26 -1 117 -1 144 -1  -2
8 -1 143 -1 253 -1  -2
8 -1 11 -1 253 -1  -2
8 -1 1 -1  -2
132 -1 253 -1  -2
18 -1 35 -1 143 -1  -2
26 -1 246 -1 253 -1  -2
8 -1 9 -1  -2
8 -1 10 -1  -2
8 -1 11 -1  -2
8 -1 17 -1 78 -1  -2
8 -1 13 -1  -2
8 -1 14 -1  -2
8 -1 15 -1  -2
9 -1 117 -1 118 -1  -2
8 -1 17 -1  -2
8 -1 18 -1  -2
4 -1 143 -1  -2
8 -1 19 -1  -2
8 -1 144 -1 245 -1  -2
8 -1 20 -1  -2
8 -1 22 -1  -2
8 -1 23 -1  -2
9 -1 245 -1 253 -1  -2
1 -1 35 -1 117 -1  -2
26 -1 118 -1 143 -1  -2
11 -1 117 -1 253 -1  -2
8 -1 26 -1  -2
26 -1 118 -1 144 -1  -2
8 -1 27 -1  -2
8 -1 144 -1 253 -1  -2
26 -1 110 -1 117 -1 143 -1  -2
1 -1 245 -1  -2
8 -1 28 -1  -2
1 -1 246 -1  -2
8 -1 78 -1 253 -1  -2
8 -1 31 -1  -2
8 -1 32 -1  -2
133 -1 253 -1  -2
17 -1 133 -1 143 -1  -2
8 -1 35 -1  -2
1 -1 253 -1  -2
8 -1 36 -1  -2
8 -1 38 -1  -2
27 -1 143 -1 245 -1 253 -1  -2
9 -1 10 -1  -2
9 -1 117 -1 143 -1  -2
9 -1 11 -1  -2
9 -1 117 -1 144 -1  -2
9 -1 13 -1  -2
9 -1 14 -1  -2
1 -1 117 -1 143 -1 144 -1  -2
9 -1 17 -1  -2
9 -1 18 -1  -2
8 -1 17 -1 117 -1  -2
9 -1 20 -1  -2
1 -1 35 -1 143 -1  -2
8 -1 17 -1 118 -1  -2
9 -1 22 -1  -2
9 -1 23 -1  -2
9 -1 246 -1 253 -1  -2
1 -1 36 -1 117 -1  -2
9 -1 26 -1  -2
9 -1 27 -1  -2
9 -1 28 -1  -2
8 -1 79 -1 253 -1  -2
10 -1 17 -1 253 -1  -2
9 -1 117 -1 118 -1 143 -1  -2
8 -1 13 -1 253 -1  -2
117 -1 139 -1 143 -1  -2
9 -1 35 -1  -2
2 -1 253 -1  -2
9 -1 36 -1  -2
9 -1 118 -1 143 -1  -2
9 -1 118 -1 144 -1  -2
8 -1 17 -1 143 -1  -2
8 -1 17 -1 144 -1  -2
8 -1 78 -1  -2
8 -1 79 -1  -2
10 -1 17 -1  -2
8 -1 18 -1 117 -1  -2
1 -1 36 -1 143 -1  -2
8 -1 35 -1 117 -1 143 -1 253 -1  -2
8 -1 117 -1 143 -1 144 -1 253 -1  -2
35 -1 36 -1 245 -1  -2
17 -1 143 -1 144 -1 245 -1  -2
8 -1 14 -1 253 -1  -2
8 -1 35 -1 117 -1 253 -1  -2
26 -1 117 -1 245 -1  -2
10 -1 35 -1  -2
26 -1 117 -1 246 -1  -2
10 -1 36 -1  -2
35 -1 36 -1 253 -1  -2
17 -1 143 -1 144 -1 253 -1  -2
26 -1 117 -1 253 -1  -2
8 -1 18 -1 143 -1  -2
139 -1 143 -1  -2
9 -1 78 -1  -2
26 -1 27 -1 117 -1 143 -1  -2
8 -1 110 -1  -2
8 -1 113 -1  -2
18 -1 35 -1 253 -1  -2
8 -1 117 -1  -2
8 -1 118 -1  -2
4 -1 245 -1  -2
26 -1 118 -1 245 -1  -2
4 -1 253 -1  -2
8 -1 133 -1  -2
26 -1 118 -1 253 -1  -2
9 -1 17 -1 245 -1 253 -1  -2
8 -1 139 -1  -2
9 -1 117 -1 118 -1 253 -1  -2
8 -1 143 -1  -2
17 -1 133 -1 253 -1  -2
9 -1 117 -1 245 -1  -2
8 -1 144 -1  -2
9 -1 117 -1 246 -1  -2
18 -1 36 -1 253 -1  -2
1 -1 117 -1 143 -1 245 -1  -2
9 -1 117 -1  -2
9 -1 118 -1  -2
9 -1 117 -1 253 -1  -2
1 -1 35 -1 245 -1  -2
5 -1 253 -1  -2
1 -1 35 -1 253 -1  -2
1 -1 36 -1 143 -1 253 -1  -2
117 -1 139 -1 253 -1  -2
8 -1 17 -1 18 -1 253 -1  -2
13 -1 17 -1  -2
36 -1 143 -1 144 -1  -2
9 -1 143 -1  -2
9 -1 118 -1 245 -1  -2
9 -1 144 -1  -2
8 -1 17 -1 245 -1  -2
10 -1 117 -1  -2
8 -1 17 -1 246 -1  -2
1 -1 118 -1 245 -1 253 -1  -2
17 -1 110 -1 117 -1 143 -1  -2
9 -1 118 -1 253 -1  -2
1 -1 36 -1 245 -1  -2
9 -1 17 -1 117 -1 143 -1  -2
1 -1 117 -1 143 -1 253 -1  -2
8 -1 17 -1 253 -1  -2
13 -1 35 -1  -2
117 -1 143 -1 144 -1  -2
6 -1 253 -1  -2
1 -1 36 -1 253 -1  -2
78 -1 79 -1  -2
10 -1 143 -1  -2
35 -1 110 -1 117 -1  -2
8 -1 18 -1 245 -1  -2
11 -1 117 -1  -2
8 -1 18 -1 253 -1  -2
139 -1 253 -1  -2
17 -1 139 -1 143 -1  -2
7 -1 253 -1  -2
22 -1 245 -1 253 -1  -2
8 -1 22 -1 143 -1  -2
143 -1 144 -1  -2
35 -1 110 -1 143 -1  -2
11 -1 143 -1  -2
8 -1 143 -1 144 -1 253 -1  -2
17 -1 26 -1 143 -1 245 -1  -2
78 -1 117 -1  -2
8 -1 26 -1 27 -1  -2
8 -1 245 -1  -2
17 -1 26 -1 143 -1 253 -1  -2
8 -1 246 -1  -2
8 -1 26 -1 35 -1  -2
4 -1 143 -1 253 -1  -2
8 -1 19 -1 253 -1  -2
8 -1 253 -1  -2
18 -1 143 -1 245 -1 253 -1  -2
8 -1 143 -1 144 -1 245 -1  -2
78 -1 143 -1  -2
9 -1 17 -1 117 -1 253 -1  -2
78 -1 117 -1 143 -1 253 -1  -2
79 -1 117 -1  -2
117 -1 118 -1 143 -1 144 -1 253 -1  -2
9 -1 17 -1 117 -1 143 -1 253 -1  -2
36 -1 143 -1 245 -1  -2
13 -1 117 -1  -2
17 -1 117 -1 143 -1 245 -1 253 -1  -2
8 -1 9 -1 26 -1 143 -1 253 -1  -2
9 -1 245 -1  -2
9 -1 246 -1  -2
36 -1 143 -1 253 -1  -2
8 -1 20 -1 253 -1  -2
9 -1 253 -1  -2
117 -1 143 -1 245 -1  -2
117 -1 143 -1 246 -1  -2
35 -1 118 -1 143 -1 253 -1  -2
117 -1 143 -1 253 -1  -2
79 -1 143 -1  -2
17 -1 18 -1  -2
13 -1 143 -1  -2
17 -1 19 -1  -2
8 -1 26 -1 117 -1 143 -1 253 -1  -2
17 -1 20 -1  -2
1 -1 35 -1 245 -1 253 -1  -2
26 -1 118 -1 143 -1 144 -1  -2
17 -1 22 -1  -2
8 -1 26 -1 143 -1 144 -1  -2
17 -1 23 -1  -2
1 -1 110 -1 117 -1  -2
17 -1 26 -1  -2
17 -1 27 -1  -2
10 -1 245 -1  -2
17 -1 28 -1  -2
10 -1 246 -1  -2
8 -1 17 -1 26 -1 143 -1  -2
17 -1 31 -1  -2
17 -1 110 -1 117 -1 253 -1  -2
36 -1 144 -1 253 -1  -2
1 -1 17 -1 143 -1 253 -1  -2
1 -1 35 -1 117 -1 143 -1  -2
17 -1 35 -1  -2
10 -1 253 -1  -2
17 -1 36 -1  -2
8 -1 17 -1 26 -1 117 -1  -2
117 -1 144 -1 245 -1  -2
118 -1 245 -1 253 -1  -2
1 -1 110 -1 143 -1  -2
14 -1 143 -1  -2
17 -1 139 -1 253 -1  -2
8 -1 26 -1 117 -1  -2
117 -1 144 -1 253 -1  -2
8 -1 26 -1 118 -1  -2
17 -1 117 -1 118 -1 143 -1 253 -1  -2
143 -1 245 -1  -2
143 -1 246 -1  -2
18 -1 26 -1  -2
18 -1 27 -1  -2
11 -1 245 -1  -2
8 -1 22 -1 253 -1  -2
143 -1 253 -1  -2
35 -1 110 -1 253 -1  -2
17 -1 143 -1 144 -1  -2
18 -1 35 -1  -2
11 -1 253 -1  -2
18 -1 36 -1  -2
8 -1 26 -1 143 -1  -2
8 -1 26 -1 144 -1  -2
17 -1 78 -1  -2
17 -1 79 -1  -2
8 -1 27 -1 117 -1  -2
144 -1 245 -1  -2
117 -1 143 -1 245 -1 253 -1  -2
144 -1 246 -1  -2
8 -1 23 -1 253 -1  -2
144 -1 253 -1  -2
2 -1 143 -1 253 -1  -2
78 -1 253 -1  -2
17 -1 78 -1 143 -1  -2
12 -1 253 -1  -2
8 -1 9 -1 143 -1 144 -1  -2
8 -1 110 -1 117 -1 143 -1  -2
132 -1 143 -1 253 -1  -2
8 -1 27 -1 143 -1  -2
17 -1 110 -1  -2
36 -1 117 -1 143 -1 253 -1  -2
17 -1 113 -1  -2
35 -1 36 -1 117 -1 143 -1  -2
35 -1 117 -1 245 -1 253 -1  -2
17 -1 117 -1  -2
17 -1 118 -1  -2
13 -1 245 -1  -2
8 -1 26 -1 143 -1 245 -1  -2
79 -1 253 -1  -2
13 -1 253 -1  -2
17 -1 133 -1  -2
17 -1 139 -1  -2
9 -1 143 -1 245 -1 253 -1  -2
17 -1 143 -1  -2
17 -1 144 -1  -2
35 -1 117 -1 118 -1  -2
18 -1 117 -1  -2
1 -1 35 -1 117 -1 253 -1  -2
18 -1 118 -1  -2
14 -1 245 -1  -2
35 -1 245 -1 253 -1  -2
1 -1 110 -1 253 -1  -2
14 -1 253 -1  -2
26 -1 118 -1 143 -1 253 -1  -2
8 -1 26 -1 143 -1 253 -1  -2
17 -1 143 -1 245 -1  -2
17 -1 143 -1 246 -1  -2
36 -1 117 -1 143 -1 245 -1  -2
17 -1 18 -1 26 -1  -2
9 -1 143 -1 246 -1 253 -1  -2
35 -1 117 -1 144 -1  -2
8 -1 17 -1 26 -1 253 -1  -2
35 -1 117 -1 143 -1  -2
18 -1 143 -1  -2
17 -1 143 -1 253 -1  -2
18 -1 144 -1  -2
8 -1 9 -1 143 -1 253 -1  -2
17 -1 18 -1 35 -1  -2
8 -1 26 -1 245 -1  -2
8 -1 26 -1 246 -1  -2
22 -1 26 -1  -2
35 -1 246 -1 253 -1  -2
8 -1 17 -1 35 -1 143 -1 253 -1  -2
8 -1 26 -1 253 -1  -2
15 -1 253 -1  -2
18 -1 117 -1 118 -1  -2
8 -1 26 -1 144 -1 253 -1  -2
35 -1 117 -1 118 -1 143 -1  -2
17 -1 144 -1 245 -1  -2
8 -1 9 -1 143 -1 245 -1  -2
18 -1 245 -1 253 -1  -2
35 -1 118 -1 143 -1  -2
8 -1 110 -1 117 -1 253 -1  -2
17 -1 144 -1 253 -1  -2
35 -1 118 -1 144 -1  -2
17 -1 78 -1 253 -1  -2
8 -1 27 -1 245 -1  -2
8 -1 27 -1 253 -1  -2
18 -1 117 -1 143 -1  -2
16 -1 253 -1  -2
17 -1 118 -1 143 -1 144 -1  -2
18 -1 246 -1 253 -1  -2
20 -1 143 -1  -2
17 -1 79 -1 253 -1  -2
8 -1 9 -1 144 -1 253 -1  -2
1 -1 117 -1 118 -1  -2
1 -1 245 -1 246 -1  -2
118 -1 143 -1 144 -1 253 -1  -2
26 -1 35 -1 143 -1 253 -1  -2
17 -1 245 -1  -2
17 -1 246 -1  -2
117 -1 143 -1 246 -1 253 -1  -2
1 -1 245 -1 253 -1  -2
8 -1 28 -1 253 -1  -2
8 -1 35 -1 36 -1  -2
18 -1 118 -1 143 -1  -2
1 -1 113 -1 253 -1  -2
17 -1 253 -1  -2
17 -1 18 -1 117 -1  -2
8 -1 9 -1 17 -1 117 -1  -2
1 -1 117 -1 143 -1  -2
1 -1 117 -1 144 -1  -2
1 -1 118 -1 143 -1 144 -1 253 -1  -2
113 -1 143 -1 253 -1  -2
35 -1 117 -1 245 -1  -2
18 -1 245 -1  -2
18 -1 246 -1  -2
35 -1 117 -1 118 -1 253 -1  -2
1 -1 246 -1 253 -1  -2
35 -1 117 -1 253 -1  -2
18 -1 253 -1  -2
8 -1 17 -1 35 -1 117 -1  -2
17 -1 18 -1 143 -1  -2
17 -1 18 -1 144 -1  -2
8 -1 9 -1 17 -1 143 -1  -2
1 -1 117 -1 143 -1 245 -1 253 -1  -2
1 -1 118 -1 143 -1  -2
22 -1 143 -1  -2
1 -1 118 -1 144 -1  -2
35 -1 118 -1 245 -1  -2
26 -1 27 -1  -2
17 -1 118 -1 143 -1 253 -1  -2
1 -1 143 -1 144 -1 245 -1  -2
8 -1 17 -1 35 -1 143 -1  -2
1 -1 144 -1 245 -1 253 -1  -2
35 -1 118 -1 253 -1  -2
9 -1 26 -1 245 -1 253 -1  -2
26 -1 35 -1  -2
19 -1 253 -1  -2
26 -1 36 -1  -2
1 -1 143 -1 144 -1 253 -1  -2
18 -1 117 -1 245 -1  -2
27 -1 117 -1 143 -1 253 -1  -2
18 -1 117 -1 253 -1  -2
8 -1 35 -1 117 -1  -2
8 -1 35 -1 118 -1  -2
17 -1 118 -1 143 -1 245 -1  -2
26 -1 117 -1 245 -1 253 -1  -2
10 -1 35 -1 253 -1  -2
8 -1 31 -1 253 -1  -2
20 -1 253 -1  -2
26 -1 117 -1 118 -1 143 -1  -2
8 -1 35 -1 143 -1  -2
8 -1 35 -1 144 -1  -2
26 -1 78 -1  -2
18 -1 118 -1 253 -1  -2
8 -1 36 -1 117 -1  -2
79 -1 143 -1 253 -1  -2
9 -1 26 -1 117 -1 143 -1  -2
1 -1 117 -1 245 -1  -2
8 -1 118 -1 143 -1 144 -1  -2
1 -1 117 -1 253 -1  -2
8 -1 36 -1 143 -1  -2
17 -1 18 -1 245 -1  -2
26 -1 110 -1  -2
8 -1 9 -1 17 -1 245 -1  -2
17 -1 18 -1 253 -1  -2
26 -1 117 -1  -2
26 -1 118 -1  -2
1 -1 118 -1 245 -1  -2
8 -1 9 -1 17 -1 253 -1  -2
22 -1 245 -1  -2
1 -1 118 -1 253 -1  -2
22 -1 253 -1  -2
17 -1 35 -1 143 -1 245 -1  -2
17 -1 26 -1 27 -1  -2
13 -1 143 -1 245 -1  -2
26 -1 143 -1  -2
26 -1 144 -1  -2
17 -1 26 -1 35 -1  -2
13 -1 143 -1 253 -1  -2
27 -1 117 -1  -2
8 -1 9 -1 18 -1 253 -1  -2
23 -1 253 -1  -2
9 -1 26 -1 117 -1 253 -1  -2
110 -1 143 -1 245 -1 253 -1  -2
143 -1 144 -1 245 -1  -2
27 -1 143 -1  -2
144 -1 245 -1 253 -1  -2
14 -1 245 -1 253 -1  -2
8 -1 17 -1 35 -1 253 -1  -2
27 -1 144 -1  -2
17 -1 35 -1 143 -1 253 -1  -2
8 -1 35 -1 245 -1  -2
143 -1 144 -1 253 -1  -2
28 -1 117 -1  -2
8 -1 35 -1 246 -1  -2
8 -1 35 -1 253 -1  -2
35 -1 110 -1 143 -1 253 -1  -2
8 -1 118 -1 143 -1 245 -1  -2
17 -1 18 -1 143 -1 253 -1  -2
18 -1 117 -1 143 -1 253 -1  -2
8 -1 9 -1 117 -1 143 -1 253 -1  -2
8 -1 118 -1 143 -1 253 -1  -2
18 -1 117 -1 143 -1 245 -1  -2
28 -1 143 -1  -2
8 -1 36 -1 245 -1  -2
26 -1 117 -1 118 -1 253 -1  -2
17 -1 117 -1 245 -1 253 -1  -2
17 -1 18 -1 143 -1 245 -1  -2
8 -1 36 -1 253 -1  -2
1 -1 26 -1 143 -1 253 -1  -2
17 -1 117 -1 118 -1 143 -1  -2
28 -1 143 -1 253 -1  -2
17 -1 26 -1 117 -1  -2
8 -1 9 -1 26 -1 117 -1  -2
17 -1 26 -1 118 -1  -2
35 -1 143 -1 245 -1 253 -1  -2
17 -1 22 -1 253 -1  -2
26 -1 143 -1 144 -1  -2
26 -1 245 -1  -2
26 -1 246 -1  -2
1 -1 139 -1 143 -1 245 -1  -2
26 -1 253 -1  -2
17 -1 26 -1 143 -1  -2
8 -1 9 -1 26 -1 143 -1  -2
78 -1 117 -1 143 -1  -2
17 -1 26 -1 144 -1  -2
1 -1 139 -1 143 -1 253 -1  -2
110 -1 117 -1 118 -1  -2
17 -1 23 -1 253 -1  -2
110 -1 245 -1 253 -1  -2
11 -1 143 -1 253 -1  -2
1 -1 9 -1 143 -1 253 -1  -2
27 -1 245 -1  -2
27 -1 246 -1  -2
9 -1 117 -1 143 -1 144 -1  -2

