83975 -2
85003 -2
55307 -2
55819 -2
55823 -2
55315 -2
55827 -2
55319 -2
55831 -2
244251 -2
83995 -2
55323 -2
55835 -2
55327 -2
55839 -2
55331 -2
55843 -2
314913 -2
86055 -2
55335 -2
55851 -2
55339 -2
55343 -2
55855 -2
55347 -2
55859 -2
290871 -2
86071 -2
55351 -2
55863 -2
55355 -2
55867 -2
314937 -2
55359 -2
55871 -2
55363 -2
55875 -2
55367 -2
55879 -2
55883 -2
55887 -2
239699 -2
290901 -2
55379 -2
55891 -2
55895 -2
83547 -2
55387 -2
55899 -2
89701 -2
89705 -2
88683 -2
55403 -2
55407 -2
222835 -2
250483 -2
83571 -2
55411 -2
250487 -2
89717 -2
55415 -2
89721 -2
84603 -2
55419 -2
55931 -2
244351 -2
86143 -2
83583 -2
84607 -2
55935 -2
250499 -2
250503 -2
55943 -2
250507 -2
55435 -2
55947 -2
55439 -2
250515 -2
89745 -2
83603 -2
55443 -2
250519 -2
86167 -2
55447 -2
55959 -2
55451 -2
55455 -2
250531 -2
87203 -2
55463 -2
250539 -2
86187 -2
81583 -2
55471 -2
55475 -2
55479 -2
55991 -2
55483 -2
55995 -2
84159 -2
55487 -2
305861 -2
253633 -2
55491 -2
89797 -2
249039 -2
83151 -2
81615 -2
55503 -2
89809 -2
89813 -2
84183 -2
55511 -2
56023 -2
81631 -2
222439 -2
56037 -2
56549 -2
81639 -2
55527 -2
270061 -2
56041 -2
55531 -2
89837 -2
270057 -2
81647 -2
55535 -2
56049 -2
55539 -2
89845 -2
84727 -2
55543 -2
89849 -2
305405 -2
56569 -2
56057 -2
84731 -2
55547 -2
56061 -2
84735 -2
55551 -2
56577 -2
56065 -2
289029 -2
55555 -2
305409 -2
83719 -2
84743 -2
55559 -2
56073 -2
83723 -2
84747 -2
55563 -2
305417 -2
83727 -2
56593 -2
84755 -2
55571 -2
89877 -2
305425 -2
84759 -2
82719 -2
84767 -2
83235 -2
271663 -2
244531 -2
83251 -2
253749 -2
229179 -2
253753 -2
253757 -2
248129 -2
55619 -2
84807 -2
55623 -2
84811 -2
84815 -2
285525 -2
82771 -2
83287 -2
55643 -2
84835 -2
55651 -2
305505 -2
56165 -2
84839 -2
55655 -2
88427 -2
84843 -2
55659 -2
89453 -2
55663 -2
56177 -2
86907 -2
86911 -2
56193 -2
84867 -2
88969 -2
83339 -2
306069 -2
244119 -2
314769 -2
83351 -2
55703 -2
250267 -2
244123 -2
55707 -2
250271 -2
86943 -2
197025 -2
86947 -2
244135 -2
78247 -2
86951 -2
55719 -2
250283 -2
222639 -2
248237 -2
222643 -2
228795 -2
56761 -2
82875 -2
56765 -2
56769 -2
86979 -2
55755 -2
56273 -2
203729 -2
203733 -2
305629 -2
271839 -2
55267 -2
55779 -2
55271 -2
55275 -2
55283 -2
87543 -2
55287 -2
306173 -2
55291 -2
55803 -2
55295 -2
55807 -2

55267 -1 55287 -1 55315 -1 55351 -1  -2
55843 -1 55867 -1  -2
55267 -1 55291 -1  -2
55271 -1 55295 -1 55319 -1 55323 -1  -2
55843 -1 55871 -1  -2
55267 -1 55295 -1  -2
55843 -1 55859 -1  -2
55267 -1 55283 -1  -2
55267 -1 55287 -1 55315 -1 55323 -1  -2
55843 -1 55863 -1  -2
55267 -1 55287 -1  -2
55267 -1 55287 -1 55315 -1 55319 -1  -2
55555 -1 55563 -1  -2
55875 -1 55883 -1  -2
55267 -1 55295 -1 55315 -1  -2
55547 -1 55559 -1 55563 -1  -2
55843 -1 55855 -1  -2
55267 -1 55271 -1 55315 -1 55323 -1  -2
55267 -1 55295 -1 55323 -1  -2
55287 -1 55335 -1 55339 -1  -2
55267 -1 55271 -1  -2
55555 -1 55559 -1  -2
55267 -1 55271 -1 55315 -1 55319 -1  -2
55267 -1 55295 -1 55319 -1  -2
55295 -1 55315 -1 55323 -1  -2
55267 -1 55323 -1  -2
55307 -1 55315 -1 55319 -1 55323 -1  -2
55315 -1 55319 -1 55335 -1 55339 -1  -2
55295 -1 55315 -1 55319 -1  -2
55267 -1 55327 -1  -2
55267 -1 55291 -1 55323 -1  -2
55283 -1 55291 -1 55319 -1  -2
55267 -1 55315 -1  -2
55283 -1 55291 -1 55315 -1  -2
55291 -1 55307 -1 55323 -1  -2
55295 -1 55315 -1 55327 -1  -2
55267 -1 55319 -1  -2
55315 -1 55323 -1 55327 -1  -2
55295 -1 55315 -1 55339 -1  -2
55843 -1 55883 -1  -2
55267 -1 55307 -1  -2
55283 -1 55291 -1 55323 -1  -2
55295 -1 55315 -1 55335 -1  -2
55315 -1 55323 -1 55335 -1  -2
55843 -1 55875 -1  -2
55295 -1 55315 -1 55323 -1 55327 -1  -2
55267 -1 55291 -1 55351 -1  -2
55315 -1 55323 -1 55343 -1  -2
55323 -1 55339 -1 55351 -1  -2
55315 -1 55323 -1 55339 -1  -2
55295 -1 55315 -1 55351 -1  -2
55295 -1 55315 -1 55323 -1 55339 -1  -2
55315 -1 55323 -1 55351 -1  -2
55883 -1 197025 -1  -2
55267 -1 55351 -1  -2
55287 -1 55295 -1 55315 -1 55319 -1 55323 -1  -2
55267 -1 55339 -1  -2
55295 -1 55315 -1 55323 -1 55351 -1  -2
55267 -1 55343 -1  -2
55287 -1 55319 -1 55323 -1 55351 -1  -2
56037 -1 56041 -1  -2
55267 -1 55335 -1  -2
55267 -1 55287 -1 55315 -1 55319 -1 55323 -1  -2
55267 -1 55387 -1  -2
55267 -1 55287 -1 55319 -1 55351 -1  -2
55267 -1 55291 -1 55295 -1 55323 -1  -2
55267 -1 55291 -1 55295 -1 55319 -1  -2
55267 -1 55291 -1 55295 -1 55315 -1  -2
55267 -1 55367 -1  -2
55271 -1 55291 -1 55315 -1 55319 -1  -2
55271 -1 55295 -1  -2
55271 -1 55291 -1 55315 -1 55323 -1  -2
55335 -1 55351 -1  -2
55271 -1 55287 -1  -2
55367 -1 55387 -1  -2
55271 -1 55291 -1  -2
55267 -1 55287 -1 55319 -1 55323 -1  -2
55335 -1 55343 -1  -2
55463 -1 55475 -1  -2
55271 -1 55283 -1  -2
55291 -1 55315 -1 55319 -1  -2
55335 -1 55339 -1  -2
55559 -1 55563 -1  -2
55267 -1 55271 -1 55319 -1 55323 -1  -2
55283 -1 55295 -1 55315 -1  -2
55295 -1 55319 -1 55327 -1  -2
55271 -1 55327 -1  -2
55295 -1 55319 -1 55323 -1  -2
55283 -1 55295 -1 55323 -1  -2
55295 -1 55319 -1 55335 -1  -2
55271 -1 55319 -1  -2
55283 -1 55295 -1 55319 -1  -2
55271 -1 55323 -1  -2
55315 -1 253633 -1  -2
55295 -1 55319 -1 55339 -1  -2
55271 -1 55315 -1  -2
55295 -1 55319 -1 55351 -1  -2
89705 -1 89721 -1  -2
55295 -1 55315 -1 55319 -1 55323 -1  -2
55319 -1 55335 -1 55339 -1  -2
55271 -1 55307 -1  -2
55295 -1 55315 -1 55319 -1 55327 -1  -2
55267 -1 55295 -1 55351 -1  -2
55319 -1 55335 -1 55351 -1  -2
55323 -1 55343 -1 55351 -1  -2
55295 -1 55323 -1 55335 -1 55339 -1  -2
55295 -1 55315 -1 55319 -1 55335 -1  -2
55271 -1 55351 -1  -2
55295 -1 55315 -1 55319 -1 55339 -1  -2
55295 -1 55315 -1 55319 -1 55351 -1  -2
55271 -1 55335 -1  -2
55271 -1 55339 -1  -2
55267 -1 55271 -1 55295 -1 55315 -1 55319 -1  -2
55271 -1 55315 -1 55319 -1 55323 -1  -2
55855 -1 197025 -1  -2
55267 -1 55291 -1 55315 -1 55323 -1  -2
55271 -1 55367 -1  -2
55267 -1 55319 -1 55323 -1  -2
55267 -1 55287 -1 55291 -1  -2
55267 -1 55551 -1  -2
55307 -1 55323 -1  -2
55267 -1 55291 -1 55315 -1 55319 -1  -2
55267 -1 55291 -1 55295 -1 55319 -1 55323 -1  -2
55267 -1 55319 -1 55327 -1  -2
55267 -1 55287 -1 55295 -1  -2
55283 -1 55319 -1 55323 -1  -2
55307 -1 55315 -1  -2
55547 -1 55551 -1 55555 -1  -2
55339 -1 55351 -1  -2
55307 -1 55319 -1  -2
55287 -1 55291 -1 55319 -1 55323 -1  -2
55267 -1 55319 -1 55335 -1  -2
55267 -1 55287 -1 55315 -1  -2
55271 -1 55295 -1 55319 -1  -2
55531 -1 55535 -1  -2
55339 -1 55343 -1  -2
55271 -1 55295 -1 55315 -1  -2
55287 -1 55323 -1 55339 -1  -2
55295 -1 55307 -1 55315 -1  -2
55267 -1 55315 -1 55351 -1  -2
55267 -1 55283 -1 55319 -1  -2
55271 -1 55291 -1 55323 -1  -2
55287 -1 55323 -1 55335 -1  -2
55271 -1 55323 -1 55351 -1  -2
55271 -1 55291 -1 55319 -1  -2
55287 -1 55291 -1 55315 -1  -2
55291 -1 55295 -1 55319 -1 55323 -1  -2
55295 -1 55307 -1 55323 -1  -2
55295 -1 55307 -1 55319 -1  -2
55267 -1 55283 -1 55323 -1  -2
55287 -1 55291 -1 55323 -1  -2
55287 -1 55323 -1 55351 -1  -2
55287 -1 55291 -1 55319 -1  -2
55319 -1 253633 -1  -2
55307 -1 55351 -1  -2
55559 -1 250283 -1  -2
55319 -1 55323 -1 55327 -1  -2
55295 -1 55319 -1 55323 -1 55327 -1  -2
55319 -1 55323 -1 55339 -1  -2
55319 -1 55323 -1 55335 -1  -2
55295 -1 55319 -1 55323 -1 55335 -1  -2
55295 -1 55319 -1 55323 -1 55339 -1  -2
55319 -1 55323 -1 55343 -1  -2
55319 -1 55323 -1 55351 -1  -2
55287 -1 55291 -1 55351 -1  -2
55295 -1 55319 -1 55323 -1 55351 -1  -2
55267 -1 55271 -1 55295 -1 55319 -1 55323 -1  -2
203729 -1 203733 -1  -2
55387 -1 253633 -1  -2
55271 -1 55295 -1 55315 -1 55323 -1  -2
55283 -1 55315 -1 55319 -1 55323 -1  -2
55267 -1 55323 -1 55327 -1  -2
55267 -1 55291 -1 55295 -1  -2
55271 -1 55295 -1 55315 -1 55319 -1  -2
55855 -1 55883 -1  -2
55855 -1 55871 -1  -2
55267 -1 55323 -1 55335 -1  -2
55267 -1 55291 -1 55319 -1 55323 -1  -2
55855 -1 55875 -1  -2
55543 -1 55547 -1 55551 -1  -2
55283 -1 55291 -1 55295 -1  -2
55343 -1 55351 -1  -2
55267 -1 55323 -1 55351 -1  -2
55267 -1 55291 -1 55319 -1  -2
55267 -1 55295 -1 55315 -1 55319 -1 55323 -1  -2
55855 -1 55859 -1  -2
55887 -1 55891 -1  -2
55267 -1 55291 -1 55315 -1  -2
55267 -1 55287 -1 55323 -1  -2
55315 -1 55319 -1 55323 -1 55327 -1  -2
55267 -1 55319 -1 55351 -1  -2
55267 -1 55287 -1 55319 -1  -2
55271 -1 55295 -1 55323 -1  -2
55551 -1 55559 -1 55563 -1  -2
55287 -1 55295 -1 55319 -1  -2
55291 -1 55295 -1 55315 -1 55319 -1  -2
55287 -1 55295 -1 55315 -1  -2
55291 -1 55295 -1 55315 -1 55323 -1  -2
55315 -1 55319 -1 55323 -1  -2
55287 -1 55295 -1 55323 -1  -2
81615 -1 82719 -1  -2
55315 -1 55319 -1 55323 -1 55339 -1  -2
55323 -1 55335 -1 55339 -1  -2
55287 -1 55295 -1 55335 -1  -2
55323 -1 253633 -1  -2
55271 -1 55295 -1 55351 -1  -2
55315 -1 55319 -1 55327 -1  -2
55315 -1 55319 -1 55323 -1 55335 -1  -2
55315 -1 55319 -1 55339 -1  -2
55315 -1 55319 -1 55335 -1  -2
55287 -1 55295 -1 55339 -1  -2
55267 -1 55287 -1 55351 -1  -2
55287 -1 55295 -1 55351 -1  -2
55315 -1 55319 -1 55343 -1  -2
55315 -1 55319 -1 55323 -1 55351 -1  -2
55323 -1 55335 -1 55351 -1  -2
55315 -1 55319 -1 55351 -1  -2
55291 -1 55315 -1 55323 -1 55351 -1  -2
55271 -1 55291 -1 55295 -1 55323 -1  -2
55271 -1 55291 -1 55295 -1 55315 -1  -2
55267 -1 55295 -1 55315 -1 55323 -1  -2
55271 -1 55291 -1 55295 -1 55319 -1  -2
55287 -1 55295 -1 55319 -1 55351 -1  -2
55267 -1 55295 -1 55315 -1 55319 -1  -2
55315 -1 55339 -1  -2
55859 -1 55883 -1  -2
55315 -1 55343 -1  -2
55859 -1 55875 -1  -2
55271 -1 55287 -1 55295 -1  -2
55315 -1 55335 -1  -2
55271 -1 55319 -1 55323 -1  -2
55283 -1 55291 -1  -2
55315 -1 55323 -1  -2
55859 -1 55867 -1  -2
55891 -1 55899 -1  -2
55287 -1 55295 -1 55319 -1 55323 -1  -2
55315 -1 55327 -1  -2
55283 -1 55295 -1  -2
55859 -1 55871 -1  -2
55267 -1 55291 -1 55315 -1 55319 -1 55323 -1  -2
55287 -1 55319 -1 55323 -1  -2
55315 -1 55319 -1  -2
55283 -1 55287 -1  -2
55859 -1 55863 -1  -2
55291 -1 55323 -1 55335 -1  -2
55271 -1 55283 -1 55323 -1  -2
55291 -1 55295 -1 55315 -1 55319 -1 55323 -1  -2
55291 -1 55323 -1 55339 -1  -2
55315 -1 55367 -1  -2
55271 -1 55315 -1 55351 -1  -2
55291 -1 55323 -1 55351 -1  -2
55283 -1 55323 -1  -2
55283 -1 55327 -1  -2
55315 -1 55339 -1 55351 -1  -2
55283 -1 55315 -1  -2
55287 -1 55315 -1 55351 -1  -2
55315 -1 55351 -1  -2
55283 -1 55319 -1  -2
55291 -1 55315 -1 55319 -1 55323 -1  -2
55267 -1 55315 -1 55319 -1 55351 -1  -2
55315 -1 55387 -1  -2
55291 -1 55315 -1 55319 -1 55351 -1  -2
55283 -1 55351 -1  -2
55267 -1 55295 -1 55319 -1 55351 -1  -2
55267 -1 55315 -1 55319 -1 55323 -1 55351 -1  -2
55267 -1 55295 -1 55319 -1 55323 -1  -2
55287 -1 55295 -1 55323 -1 55351 -1  -2
55283 -1 55291 -1 55295 -1 55323 -1  -2
55283 -1 55291 -1 55295 -1 55319 -1  -2
55319 -1 55343 -1  -2
55267 -1 55315 -1 55319 -1  -2
55319 -1 55347 -1  -2
55287 -1 55315 -1  -2
56023 -1 56041 -1  -2
55267 -1 55271 -1 55315 -1 55319 -1 55323 -1  -2
55319 -1 55335 -1  -2
55543 -1 55559 -1  -2
55267 -1 55315 -1 55327 -1  -2
55267 -1 55283 -1 55295 -1  -2
55319 -1 55339 -1  -2
55543 -1 55563 -1  -2
55267 -1 55291 -1 55295 -1 55315 -1 55319 -1  -2
55267 -1 55315 -1 55323 -1  -2
55267 -1 55283 -1 55291 -1  -2
55271 -1 55291 -1 55295 -1  -2
55283 -1 55315 -1 55319 -1  -2
55319 -1 55327 -1  -2
55543 -1 55551 -1  -2
55287 -1 55295 -1  -2
55543 -1 55555 -1  -2
55287 -1 55291 -1 55315 -1 55319 -1  -2
55271 -1 55291 -1 55315 -1  -2
55283 -1 55315 -1 55323 -1  -2
55287 -1 55291 -1 55295 -1  -2
55319 -1 55323 -1  -2
55831 -1 55835 -1  -2
55287 -1 55291 -1  -2
55543 -1 55547 -1  -2
55863 -1 55867 -1  -2
55287 -1 55319 -1 55335 -1  -2
55287 -1 55343 -1  -2
55271 -1 55319 -1 55351 -1  -2
55271 -1 55287 -1 55319 -1  -2
55295 -1 55335 -1 55339 -1  -2
55271 -1 55287 -1 55315 -1  -2
55291 -1 55295 -1 55315 -1  -2
55319 -1 55367 -1  -2
55287 -1 55335 -1  -2
55555 -1 55559 -1 55563 -1  -2
55287 -1 55319 -1 55339 -1  -2
55287 -1 55339 -1  -2
55271 -1 55287 -1 55323 -1  -2
55287 -1 55319 -1 55351 -1  -2
55291 -1 55295 -1 55323 -1  -2
55287 -1 55327 -1  -2
55291 -1 55295 -1 55319 -1  -2
55319 -1 55351 -1  -2
55287 -1 55319 -1  -2
55287 -1 55323 -1  -2
55291 -1 55295 -1 55339 -1  -2
55267 -1 253633 -1  -2
55271 -1 55287 -1 55351 -1  -2
56761 -1 56769 -1  -2
55291 -1 55295 -1 55351 -1  -2
55287 -1 55351 -1  -2
55267 -1 55315 -1 55323 -1 55351 -1  -2
55291 -1 55319 -1 55323 -1 55351 -1  -2
84759 -1 84811 -1  -2
55319 -1 55387 -1  -2
55295 -1 55315 -1 55319 -1 55323 -1 55351 -1  -2
55367 -1 253633 -1  -2
55267 -1 55287 -1 55323 -1 55351 -1  -2
84603 -1 84607 -1  -2
55267 -1 55271 -1 55291 -1 55323 -1  -2
55267 -1 55271 -1 55291 -1 55319 -1  -2
55871 -1 197025 -1  -2
55271 -1 55291 -1 55319 -1 55323 -1  -2
55323 -1 55347 -1  -2
55291 -1 55315 -1  -2
55323 -1 55351 -1  -2
55291 -1 55319 -1  -2
55323 -1 55339 -1  -2
55867 -1 55883 -1  -2
55547 -1 55563 -1  -2
55291 -1 55307 -1  -2
55267 -1 55271 -1 55283 -1  -2
55267 -1 55271 -1 55291 -1 55315 -1  -2
55323 -1 55343 -1  -2
55547 -1 55555 -1  -2
55323 -1 55331 -1  -2
55867 -1 55875 -1  -2
55267 -1 55271 -1 55291 -1  -2
55283 -1 55291 -1 55315 -1 55319 -1  -2
55323 -1 55335 -1  -2
55547 -1 55559 -1  -2
55267 -1 55271 -1 55287 -1  -2
55291 -1 55319 -1 55323 -1  -2
55323 -1 55327 -1  -2
55291 -1 55295 -1  -2
55547 -1 55551 -1  -2
55867 -1 55871 -1  -2
55267 -1 55271 -1 55295 -1  -2
55267 -1 55271 -1 55291 -1 55295 -1  -2
55271 -1 55295 -1 55315 -1 55319 -1 55323 -1  -2
55291 -1 55315 -1 55323 -1  -2
55295 -1 55323 -1 55327 -1  -2
55291 -1 55351 -1  -2
55307 -1 55315 -1 55319 -1  -2
55295 -1 55323 -1 55339 -1  -2
55291 -1 55339 -1  -2
55295 -1 55323 -1 55335 -1  -2
55291 -1 55343 -1  -2
55307 -1 55315 -1 55323 -1  -2
55323 -1 55367 -1  -2
55291 -1 55335 -1  -2
55291 -1 55315 -1 55351 -1  -2
55291 -1 55323 -1  -2
55295 -1 55323 -1 55351 -1  -2
55291 -1 55327 -1  -2
55319 -1 55323 -1 55339 -1 55351 -1  -2
55875 -1 197025 -1  -2
55319 -1 55339 -1 55351 -1  -2
55291 -1 55367 -1  -2
55287 -1 55315 -1 55323 -1 55351 -1  -2
55323 -1 55387 -1  -2
55287 -1 55315 -1 55319 -1 55323 -1 55351 -1  -2
55267 -1 55315 -1 55319 -1 55323 -1  -2
55267 -1 55287 -1 55295 -1 55323 -1  -2
55287 -1 55295 -1 55315 -1 55351 -1  -2
55267 -1 55271 -1 55295 -1 55323 -1  -2
55267 -1 55287 -1 55295 -1 55319 -1  -2
55267 -1 55287 -1 55295 -1 55315 -1  -2
84731 -1 84835 -1  -2
55327 -1 55351 -1  -2
55295 -1 55319 -1  -2
55839 -1 55867 -1  -2
55295 -1 55323 -1  -2
55267 -1 55271 -1 55295 -1 55319 -1  -2
55271 -1 55315 -1 55323 -1  -2
55271 -1 55283 -1 55291 -1  -2
55327 -1 55347 -1  -2
55839 -1 55859 -1  -2
55295 -1 55315 -1  -2
55287 -1 55295 -1 55315 -1 55323 -1  -2
55267 -1 55271 -1 55295 -1 55315 -1  -2
55271 -1 55315 -1 55319 -1  -2
55551 -1 55559 -1  -2
55287 -1 55295 -1 55315 -1 55319 -1  -2
55283 -1 55291 -1 55319 -1 55323 -1  -2
55871 -1 55883 -1  -2
55551 -1 55563 -1  -2
55295 -1 55307 -1  -2
55271 -1 55283 -1 55295 -1  -2
55287 -1 55315 -1 55323 -1  -2
55291 -1 55323 -1 55327 -1  -2
55287 -1 55315 -1 55319 -1  -2
55839 -1 55843 -1  -2
55551 -1 55555 -1  -2
55871 -1 55875 -1  -2
55295 -1 55351 -1  -2
55291 -1 55319 -1 55327 -1  -2
55319 -1 55323 -1 55335 -1 55339 -1  -2
55307 -1 55319 -1 55323 -1  -2
55295 -1 55343 -1  -2
55267 -1 55271 -1 55315 -1  -2
55315 -1 55335 -1 55339 -1  -2
55295 -1 55335 -1  -2
55267 -1 55271 -1 55323 -1  -2
55271 -1 55291 -1 55295 -1 55319 -1 55323 -1  -2
55295 -1 55339 -1  -2
55267 -1 55271 -1 55319 -1  -2
55295 -1 55327 -1  -2
55291 -1 55319 -1 55351 -1  -2
55839 -1 55875 -1  -2
55287 -1 55315 -1 55319 -1 55323 -1  -2
55267 -1 55319 -1 55323 -1 55351 -1  -2
55295 -1 55367 -1  -2
55267 -1 55271 -1 55351 -1  -2
55287 -1 55315 -1 55319 -1 55351 -1  -2
55267 -1 55271 -1 55291 -1 55315 -1 55319 -1  -2
55271 -1 55295 -1 55319 -1 55351 -1  -2
84747 -1 84759 -1  -2
55295 -1 55315 -1 55319 -1 55323 -1 55339 -1  -2
55271 -1 55287 -1 55319 -1 55351 -1  -2
55287 -1 55295 -1 55319 -1 55323 -1 55351 -1  -2
84755 -1 84759 -1  -2
55287 -1 55291 -1 55315 -1 55319 -1 55323 -1  -2
55267 -1 55319 -1 55323 -1 55327 -1  -2
55267 -1 55295 -1 55323 -1 55351 -1  -2
84731 -1 84755 -1  -2
55319 -1 55323 -1 55387 -1  -2
55271 -1 55287 -1 55295 -1 55319 -1  -2
84731 -1 84759 -1  -2
55295 -1 55315 -1 55319 -1 55323 -1 55335 -1  -2
55267 -1 55271 -1 55323 -1 55351 -1  -2
55287 -1 55291 -1 55319 -1 55351 -1  -2
55283 -1 55291 -1 55295 -1 55319 -1 55323 -1  -2
55295 -1 55315 -1 55319 -1 55323 -1 55327 -1  -2
55267 -1 55287 -1 55319 -1 55323 -1 55351 -1  -2
55287 -1 55291 -1 55295 -1 55323 -1  -2
55287 -1 55291 -1 55295 -1 55319 -1  -2
55287 -1 55291 -1 55295 -1 55315 -1  -2
55267 -1 55287 -1 55295 -1 55315 -1 55319 -1  -2
55271 -1 55287 -1 55319 -1 55323 -1  -2
55307 -1 55327 -1  -2
55271 -1 55335 -1 55339 -1  -2
55271 -1 55287 -1 55291 -1  -2
55283 -1 55291 -1 55315 -1 55323 -1  -2
55283 -1 55295 -1 55315 -1 55319 -1  -2
55543 -1 55551 -1 55555 -1  -2
55267 -1 55319 -1 55339 -1  -2
55475 -1 55487 -1  -2
55287 -1 55319 -1 55327 -1  -2
55291 -1 55315 -1 55319 -1 55323 -1 55351 -1  -2
55291 -1 55335 -1 55339 -1  -2
55267 -1 55271 -1 55295 -1 55315 -1 55323 -1  -2
55315 -1 55323 -1 55335 -1 55339 -1  -2
55291 -1 55307 -1 55319 -1  -2
55291 -1 55315 -1 55327 -1  -2
55287 -1 55339 -1 55351 -1  -2
55291 -1 55307 -1 55315 -1  -2
55267 -1 55283 -1 55315 -1  -2
55543 -1 55547 -1 55559 -1  -2
55283 -1 55323 -1 55351 -1  -2
55287 -1 55315 -1 55339 -1  -2
55551 -1 55555 -1 55563 -1  -2
55287 -1 55315 -1 55335 -1  -2
55295 -1 55339 -1 55351 -1  -2
89845 -1 89849 -1  -2
55271 -1 55283 -1 55319 -1  -2
55295 -1 55307 -1 55315 -1 55319 -1  -2
55271 -1 55291 -1 55295 -1 55315 -1 55319 -1  -2
55291 -1 55307 -1 55319 -1 55323 -1  -2
55291 -1 55315 -1 55339 -1  -2
55315 -1 55347 -1  -2
55307 -1 55323 -1 55351 -1  -2
55843 -1 55859 -1 55871 -1  -2
55295 -1 55315 -1 55323 -1 55335 -1  -2
55843 -1 55859 -1 55867 -1  -2
55291 -1 55295 -1 55319 -1 55351 -1  -2
55271 -1 55291 -1 55351 -1  -2
55307 -1 55315 -1 55351 -1  -2
55267 -1 55347 -1  -2
55335 -1 55339 -1 55343 -1  -2
55287 -1 55319 -1 55323 -1 55335 -1  -2
55287 -1 55319 -1 55323 -1 55339 -1  -2
55843 -1 55859 -1 55883 -1  -2
55335 -1 55339 -1 55351 -1  -2
55271 -1 55319 -1 55323 -1 55351 -1  -2
55859 -1 55867 -1 55871 -1  -2
55267 -1 55287 -1 55295 -1 55351 -1  -2
55323 -1 244119 -1  -2
55267 -1 55271 -1 55291 -1 55319 -1 55323 -1  -2
55287 -1 55295 -1 55315 -1 55319 -1 55351 -1  -2
55859 -1 197025 -1  -2
55267 -1 55271 -1 55319 -1 55351 -1  -2
55271 -1 55283 -1 55291 -1 55323 -1  -2
55291 -1 55387 -1  -2
55463 -1 55487 -1  -2
55283 -1 55291 -1 55295 -1 55315 -1  -2
55267 -1 55291 -1 55295 -1 55315 -1 55319 -1 55323 -1  -2
55271 -1 55283 -1 55291 -1 55295 -1  -2
55267 -1 55291 -1 55295 -1 55315 -1 55323 -1  -2
55267 -1 55307 -1 55319 -1  -2
55267 -1 55287 -1 55295 -1 55319 -1 55323 -1  -2
55271 -1 55287 -1 55315 -1 55319 -1  -2
55863 -1 55883 -1  -2
55287 -1 55307 -1  -2
55267 -1 55307 -1 55315 -1  -2
55271 -1 55323 -1 55327 -1  -2
55283 -1 55295 -1 55319 -1 55323 -1  -2
55327 -1 55335 -1  -2
55855 -1 55863 -1  -2
55863 -1 55871 -1  -2
55287 -1 55291 -1 55315 -1 55323 -1  -2
55267 -1 55315 -1 55335 -1  -2
55271 -1 55323 -1 55339 -1  -2
56023 -1 56037 -1  -2
55267 -1 55271 -1 55291 -1 55295 -1 55319 -1  -2
55319 -1 55331 -1  -2
55855 -1 55867 -1  -2
55863 -1 55875 -1  -2
55267 -1 55307 -1 55323 -1  -2
55267 -1 55323 -1 55339 -1  -2
55271 -1 55323 -1 55335 -1  -2
55287 -1 55323 -1 55327 -1  -2
55267 -1 55315 -1 55339 -1  -2
55267 -1 55295 -1 55327 -1  -2
55291 -1 55319 -1 55339 -1  -2
55267 -1 55295 -1 55339 -1  -2
55271 -1 55295 -1 55335 -1  -2
55547 -1 55551 -1 55563 -1  -2
55291 -1 55319 -1 55335 -1  -2
55463 -1 55503 -1  -2
55295 -1 55307 -1 55319 -1 55323 -1  -2
55315 -1 55319 -1 55323 -1 55343 -1  -2
55291 -1 55307 -1 55315 -1 55319 -1  -2
55839 -1 55883 -1  -2
55271 -1 55295 -1 55339 -1  -2
55315 -1 55323 -1 55339 -1 55351 -1  -2
55319 -1 55343 -1 55351 -1  -2
55839 -1 55871 -1  -2
55295 -1 55315 -1 55335 -1 55339 -1  -2
55319 -1 55323 -1 55335 -1 55351 -1  -2
55315 -1 55319 -1 55339 -1 55351 -1  -2
55291 -1 55295 -1 55327 -1  -2
55295 -1 55319 -1 55335 -1 55339 -1  -2
55291 -1 55315 -1 55323 -1 55327 -1  -2
55843 -1 55871 -1 55883 -1  -2
55291 -1 55295 -1 55323 -1 55351 -1  -2
55291 -1 55319 -1 55323 -1 55327 -1  -2
55315 -1 55335 -1 55351 -1  -2
55323 -1 55335 -1 55343 -1  -2
55291 -1 55295 -1 55335 -1  -2
55295 -1 55387 -1  -2
55267 -1 56761 -1  -2
55307 -1 55319 -1 55351 -1  -2
55315 -1 55319 -1 55323 -1 55335 -1 55339 -1  -2
55287 -1 55315 -1 55319 -1 55335 -1  -2
55859 -1 55871 -1 55883 -1  -2
55287 -1 55315 -1 55319 -1 55339 -1  -2
55271 -1 55343 -1  -2
55323 -1 55327 -1 55351 -1  -2
55271 -1 55315 -1 55319 -1 55351 -1  -2
55267 -1 55319 -1 55323 -1 55335 -1  -2
55267 -1 55295 -1 55315 -1 55351 -1  -2
56057 -1 56061 -1  -2
55271 -1 55291 -1 55315 -1 55319 -1 55323 -1  -2

