56065 -2
55555 -2
305409 -2
55559 -2
84747 -2
55307 -2
55563 -2
55819 -2
56593 -2
84755 -2
55315 -2
305425 -2
84759 -2
55319 -2
55831 -2
244251 -2
55323 -2
55835 -2
82719 -2
84767 -2
55327 -2
55839 -2
55331 -2
55843 -2
86055 -2
55335 -2
55851 -2
55339 -2
271663 -2
55343 -2
55855 -2
55347 -2
55859 -2
55351 -2
55863 -2
55355 -2
55867 -2
55871 -2
55363 -2
55619 -2
55875 -2
55367 -2
55623 -2
84811 -2
55883 -2
55887 -2
239699 -2
285525 -2
55379 -2
55891 -2
83547 -2
55387 -2
55643 -2
55899 -2
84835 -2
305505 -2
55655 -2
89705 -2
88427 -2
88683 -2
89453 -2
55407 -2
55663 -2
56177 -2
89717 -2
89721 -2
84603 -2
244351 -2
86911 -2
84607 -2
55935 -2
55943 -2
88969 -2
55435 -2
55439 -2
55443 -2
244119 -2
55447 -2
250267 -2
55451 -2
250271 -2
55455 -2
197025 -2
55463 -2
55719 -2
250283 -2
250539 -2
86187 -2
248237 -2
55475 -2
56761 -2
55483 -2
56765 -2
84159 -2
55487 -2
56769 -2
253633 -2
55491 -2
55755 -2
81615 -2
55503 -2
203729 -2
89813 -2
203733 -2
56023 -2
55267 -2
222439 -2
56037 -2
55271 -2
56041 -2
55275 -2
55531 -2
89837 -2
270057 -2
55535 -2
56049 -2
55283 -2
55539 -2
89845 -2
55287 -2
55543 -2
89849 -2
305405 -2
56569 -2
56057 -2
84731 -2
55291 -2
55547 -2
56061 -2
84735 -2
55295 -2
55551 -2

55267 -1 55295 -1 55315 -1 55319 -1  -2
55315 -1 55339 -1  -2
55267 -1 55291 -1  -2
55291 -1 55315 -1  -2
55267 -1 55319 -1 55323 -1  -2
55323 -1 55351 -1  -2
55267 -1 55295 -1  -2
55291 -1 55319 -1  -2
55307 -1 55323 -1  -2
55323 -1 55339 -1  -2
55267 -1 55283 -1  -2
55315 -1 55335 -1  -2
55323 -1 55343 -1  -2
55267 -1 55287 -1  -2
55271 -1 55319 -1 55323 -1  -2
55307 -1 55315 -1  -2
55315 -1 55323 -1  -2
55283 -1 55291 -1  -2
55267 -1 55295 -1 55315 -1  -2
55307 -1 55319 -1  -2
55315 -1 55327 -1  -2
55323 -1 55335 -1  -2
55283 -1 55295 -1  -2
55547 -1 55559 -1  -2
55291 -1 55319 -1 55323 -1  -2
55267 -1 55295 -1 55323 -1  -2
55271 -1 55295 -1 55319 -1  -2
55287 -1 55319 -1 55323 -1  -2
55315 -1 55319 -1  -2
55547 -1 55551 -1  -2
55323 -1 55327 -1  -2
55267 -1 55271 -1  -2
55291 -1 55295 -1  -2
55267 -1 55271 -1 55295 -1  -2
55267 -1 55295 -1 55319 -1  -2
55271 -1 55295 -1 55315 -1  -2
55295 -1 55315 -1 55323 -1  -2
55267 -1 55323 -1  -2
55267 -1 55315 -1 55351 -1  -2
55271 -1 55291 -1 55323 -1  -2
55291 -1 55315 -1 55323 -1  -2
55295 -1 55315 -1 55319 -1  -2
55267 -1 55327 -1  -2
55291 -1 55351 -1  -2
55267 -1 55291 -1 55323 -1  -2
55271 -1 55291 -1 55319 -1  -2
55291 -1 55295 -1 55319 -1 55323 -1  -2
55267 -1 55315 -1  -2
55267 -1 55319 -1  -2
55283 -1 55323 -1  -2
55287 -1 55323 -1 55351 -1  -2
55283 -1 55315 -1  -2
55291 -1 55323 -1  -2
55319 -1 55323 -1 55327 -1  -2
55315 -1 55351 -1  -2
55283 -1 55319 -1  -2
55291 -1 55327 -1  -2
55291 -1 55315 -1 55319 -1 55323 -1  -2
55315 -1 55323 -1 55351 -1  -2
55267 -1 55351 -1  -2
55319 -1 55323 -1 55351 -1  -2
55267 -1 55315 -1 55319 -1 55323 -1  -2
203729 -1 203733 -1  -2
55267 -1 55295 -1 55319 -1 55323 -1  -2
55387 -1 253633 -1  -2
55319 -1 55343 -1  -2
55271 -1 55295 -1  -2
55295 -1 55319 -1  -2
55267 -1 55315 -1 55319 -1  -2
55267 -1 55291 -1 55295 -1  -2
55287 -1 55315 -1  -2
55295 -1 55323 -1  -2
55319 -1 55335 -1  -2
55271 -1 55287 -1  -2
55271 -1 55315 -1 55323 -1  -2
55319 -1 55339 -1  -2
55367 -1 55387 -1  -2
55271 -1 55291 -1  -2
55295 -1 55315 -1  -2
55267 -1 55315 -1 55323 -1  -2
55271 -1 55315 -1 55319 -1  -2
55271 -1 55291 -1 55295 -1  -2
55319 -1 55327 -1  -2
55287 -1 55295 -1  -2
55543 -1 55551 -1  -2
55551 -1 55559 -1  -2
55271 -1 55283 -1  -2
55287 -1 55315 -1 55323 -1  -2
55291 -1 55315 -1 55319 -1  -2
55267 -1 55323 -1 55351 -1  -2
55267 -1 55291 -1 55319 -1  -2
55287 -1 55315 -1 55319 -1  -2
55319 -1 55323 -1  -2
55831 -1 55835 -1  -2
55551 -1 55555 -1  -2
55335 -1 55339 -1  -2
55887 -1 55891 -1  -2
55287 -1 55291 -1  -2
55267 -1 55291 -1 55315 -1  -2
55295 -1 55351 -1  -2
55267 -1 55287 -1 55323 -1  -2
55295 -1 55319 -1 55323 -1  -2
55267 -1 55319 -1 55351 -1  -2
55271 -1 55295 -1 55323 -1  -2
55287 -1 55295 -1 55319 -1  -2
55291 -1 55295 -1 55315 -1  -2
55291 -1 55295 -1 55315 -1 55319 -1  -2
55271 -1 55319 -1  -2
55267 -1 55271 -1 55315 -1  -2
55271 -1 55323 -1  -2
55315 -1 55319 -1 55323 -1  -2
55287 -1 55319 -1 55351 -1  -2
55291 -1 55295 -1 55323 -1  -2
55295 -1 55335 -1  -2
55267 -1 55271 -1 55323 -1  -2
55287 -1 55295 -1 55323 -1  -2
55291 -1 55295 -1 55319 -1  -2
55271 -1 55315 -1  -2
55295 -1 55339 -1  -2
55267 -1 55271 -1 55319 -1  -2
55295 -1 55319 -1 55351 -1  -2
55319 -1 55351 -1  -2
55287 -1 55319 -1  -2
55295 -1 55315 -1 55319 -1 55323 -1  -2
55287 -1 55323 -1  -2
55271 -1 55351 -1  -2
55315 -1 55319 -1 55323 -1 55351 -1  -2
56761 -1 56769 -1  -2
55315 -1 55319 -1 55351 -1  -2
55287 -1 55351 -1  -2
55267 -1 55387 -1  -2
55271 -1 55315 -1 55319 -1 55323 -1  -2
55267 -1 55295 -1 55315 -1 55323 -1  -2
55859 -1 55883 -1  -2
55271 -1 55295 -1 55315 -1 55319 -1  -2
55315 -1 55343 -1  -2
55843 -1 55859 -1  -2
55335 -1 55351 -1  -2
55543 -1 55559 -1  -2
55267 -1 55291 -1 55319 -1 55323 -1  -2
55283 -1 55291 -1 55295 -1  -2
55335 -1 55343 -1  -2
55343 -1 55351 -1  -2
55859 -1 55867 -1  -2
55267 -1 55271 -1 55291 -1  -2
55339 -1 55351 -1  -2
55859 -1 55871 -1  -2
55267 -1 55287 -1 55315 -1  -2
55555 -1 55559 -1  -2
55559 -1 55563 -1  -2
55267 -1 55271 -1 55319 -1 55323 -1  -2
55267 -1 55271 -1 55315 -1 55319 -1  -2
55267 -1 55287 -1 55319 -1  -2
55307 -1 55315 -1 55319 -1  -2
55307 -1 55319 -1 55323 -1  -2
55287 -1 55335 -1  -2
55291 -1 55339 -1  -2
55287 -1 55295 -1 55315 -1  -2
55291 -1 55295 -1 55315 -1 55323 -1  -2
55287 -1 55339 -1  -2
55315 -1 55323 -1 55327 -1  -2
55291 -1 55323 -1 55351 -1  -2
55307 -1 55315 -1 55323 -1  -2
55283 -1 55291 -1 55323 -1  -2
55323 -1 55367 -1  -2
55283 -1 55327 -1  -2
55295 -1 55327 -1  -2
55287 -1 55315 -1 55351 -1  -2
55291 -1 55319 -1 55351 -1  -2
55295 -1 55323 -1 55351 -1  -2
55315 -1 55319 -1 55339 -1  -2
55319 -1 55323 -1 55339 -1  -2
55287 -1 55315 -1 55319 -1 55323 -1  -2
55315 -1 55323 -1 55339 -1  -2
55319 -1 55323 -1 55335 -1  -2
55295 -1 55315 -1 55351 -1  -2
55267 -1 55287 -1 55351 -1  -2
55267 -1 55271 -1 55351 -1  -2
55323 -1 55387 -1  -2
84759 -1 84811 -1  -2
55267 -1 55335 -1  -2

