512 -2
1 -2
1025 -2
2 -2
514 -2
3 -2
259 -2
4 -2
260 -2
5 -2
773 -2
6 -2
7 -2
775 -2
265 -2
521 -2
777 -2
522 -2
11 -2
12 -2
269 -2
14 -2
1808 -2
273 -2
18 -2
1810 -2
531 -2
21 -2
278 -2
2072 -2
25 -2
281 -2
537 -2
27 -2
28 -2
540 -2
32 -2
290 -2
294 -2
40 -2
41 -2
1065 -2
555 -2
45 -2
46 -2
1838 -2
303 -2
49 -2
306 -2
55 -2
56 -2
568 -2
314 -2
316 -2
573 -2
829 -2
64 -2
321 -2
324 -2
69 -2
582 -2
71 -2
584 -2
73 -2
77 -2
845 -2
590 -2
338 -2
83 -2
339 -2
85 -2
86 -2
598 -2
87 -2
89 -2
90 -2
91 -2
354 -2
866 -2
357 -2
358 -2
361 -2
364 -2
1132 -2
1644 -2
1141 -2
631 -2
632 -2
1144 -2
633 -2
378 -2
379 -2
640 -2
897 -2
644 -2
135 -2
136 -2
648 -2
2952 -2
138 -2
397 -2
142 -2
145 -2
659 -2
148 -2
916 -2
662 -2
151 -2
152 -2
155 -2
667 -2
158 -2
670 -2
1956 -2
677 -2
678 -2
934 -2
423 -2
686 -2
687 -2
434 -2
435 -2
438 -2
446 -2
448 -2
452 -2
455 -2
205 -2
470 -2
215 -2
1751 -2
473 -2
218 -2
987 -2
220 -2
737 -2
993 -2
229 -2
230 -2
232 -2
233 -2
490 -2
1770 -2
235 -2
491 -2
747 -2
492 -2
237 -2
494 -2
499 -2
246 -2
504 -2
506 -2
762 -2
1019 -2
254 -2
255 -2

218 -1 138 -1 148 -1  -2
11 -1 747 -1  -2
6 -1 2952 -1  -2
218 -1 6 -1 148 -1  -2
11 -1 6 -1 423 -1  -2
361 -1 148 -1  -2
11 -1 83 -1 85 -1  -2
11 -1 83 -1 86 -1  -2
218 -1 6 -1 155 -1  -2
6 -1 916 -1  -2
11 -1 762 -1  -2
229 -1 148 -1  -2
11 -1 6 -1 77 -1 148 -1  -2
269 -1 11 -1 148 -1  -2
11 -1 218 -1 2 -1  -2
11 -1 218 -1 3 -1  -2
11 -1 218 -1 6 -1  -2
11 -1 6 -1 435 -1  -2
11 -1 218 -1 7 -1  -2
11 -1 6 -1 438 -1  -2
7 -1 897 -1  -2
11 -1 773 -1  -2
27 -1 278 -1  -2
11 -1 6 -1 7 -1 85 -1 86 -1  -2
11 -1 777 -1  -2
218 -1 504 -1  -2
69 -1 6 -1 3 -1  -2
6 -1 934 -1  -2
11 -1 6 -1 446 -1  -2
11 -1 6 -1 83 -1 7 -1  -2
11 -1 6 -1 3 -1 446 -1  -2
69 -1 6 -1 7 -1  -2
11 -1 6 -1 7 -1 321 -1  -2
218 -1 7 -1 148 -1  -2
11 -1 1 -1 40 -1 6 -1  -2
218 -1 512 -1  -2
11 -1 218 -1 25 -1  -2
6 -1 303 -1 148 -1  -2
11 -1 27 -1 6 -1 28 -1 7 -1 32 -1  -2
218 -1 6 -1 7 -1 148 -1  -2
1 -1 218 -1 77 -1 148 -1  -2
1 -1 218 -1 6 -1 303 -1  -2
11 -1 218 -1 40 -1  -2
11 -1 6 -1 470 -1  -2
11 -1 6 -1 215 -1 3 -1  -2
11 -1 6 -1 3 -1 438 -1  -2
11 -1 6 -1 473 -1  -2
11 -1 6 -1 215 -1 7 -1  -2
11 -1 6 -1 83 -1 3 -1  -2
11 -1 83 -1 7 -1 85 -1  -2
218 -1 6 -1 205 -1  -2
11 -1 6 -1 3 -1 7 -1 148 -1  -2
218 -1 6 -1 138 -1 148 -1  -2
27 -1 321 -1  -2
11 -1 218 -1 56 -1  -2
11 -1 218 -1 6 -1 3 -1 7 -1  -2
218 -1 6 -1 215 -1  -2
11 -1 83 -1 148 -1  -2
11 -1 85 -1 86 -1  -2
11 -1 83 -1 7 -1 86 -1  -2
269 -1 11 -1 1 -1 6 -1  -2
11 -1 6 -1 491 -1  -2
11 -1 27 -1 28 -1 7 -1  -2
11 -1 6 -1 492 -1  -2
11 -1 218 -1 64 -1  -2
11 -1 6 -1 494 -1  -2
11 -1 218 -1 6 -1 64 -1 148 -1  -2
218 -1 6 -1 230 -1  -2
218 -1 6 -1 229 -1  -2
6 -1 993 -1  -2
11 -1 6 -1 504 -1  -2
11 -1 218 -1 77 -1  -2
269 -1 11 -1 218 -1  -2
218 -1 273 -1 148 -1  -2
11 -1 845 -1  -2
11 -1 218 -1 83 -1  -2
11 -1 1 -1 218 -1 64 -1 148 -1  -2
11 -1 6 -1 512 -1  -2
11 -1 6 -1 514 -1  -2
11 -1 27 -1 28 -1 32 -1  -2
364 -1 148 -1  -2
11 -1 218 -1 90 -1  -2
11 -1 6 -1 83 -1 86 -1  -2
11 -1 6 -1 521 -1  -2
11 -1 6 -1 83 -1 85 -1  -2
11 -1 6 -1 522 -1  -2
218 -1 6 -1 255 -1  -2
218 -1 6 -1 254 -1  -2
1 -1 64 -1 148 -1  -2
303 -1 3 -1  -2
27 -1 1 -1 218 -1 6 -1 148 -1  -2
6 -1 1019 -1  -2
11 -1 6 -1 531 -1  -2
11 -1 866 -1  -2
987 -1 218 -1 148 -1  -2
6 -1 1025 -1  -2
27 -1 6 -1 7 -1 897 -1  -2
11 -1 6 -1 537 -1  -2
11 -1 6 -1 540 -1  -2
11 -1 215 -1 205 -1  -2
27 -1 218 -1 6 -1 3 -1  -2
6 -1 504 -1 148 -1  -2
1 -1 3 -1 7 -1  -2
11 -1 1 -1 218 -1 3 -1 148 -1  -2
218 -1 6 -1 273 -1  -2
11 -1 1 -1 218 -1 6 -1 64 -1  -2
6 -1 1956 -1 205 -1  -2
11 -1 218 -1 512 -1 148 -1  -2
11 -1 90 -1 3 -1  -2
11 -1 897 -1  -2
11 -1 90 -1 7 -1  -2
11 -1 218 -1 135 -1  -2
11 -1 218 -1 136 -1  -2
11 -1 218 -1 138 -1  -2
40 -1 3 -1  -2
11 -1 6 -1 568 -1  -2
269 -1 218 -1 6 -1  -2
11 -1 2952 -1  -2
40 -1 6 -1  -2
40 -1 7 -1  -2
218 -1 6 -1 303 -1  -2
218 -1 77 -1 148 -1  -2
11 -1 1 -1 218 -1 6 -1 90 -1  -2
11 -1 218 -1 148 -1  -2
218 -1 6 -1 77 -1 148 -1  -2
11 -1 916 -1  -2
11 -1 83 -1 7 -1 85 -1 86 -1  -2
11 -1 218 -1 155 -1  -2
11 -1 6 -1 584 -1  -2
218 -1 6 -1 316 -1  -2
11 -1 6 -1 83 -1 148 -1  -2
11 -1 6 -1 85 -1 86 -1  -2
11 -1 747 -1 148 -1  -2
69 -1 6 -1 148 -1  -2
897 -1 87 -1  -2
11 -1 218 -1 6 -1 255 -1 148 -1  -2
11 -1 1 -1 218 -1 6 -1 77 -1  -2
69 -1 11 -1 1 -1  -2
11 -1 934 -1  -2
27 -1 218 -1 6 -1 7 -1  -2
1 -1 3 -1 64 -1  -2
69 -1 11 -1 3 -1  -2
69 -1 11 -1 6 -1  -2
69 -1 11 -1 7 -1  -2
1 -1 3 -1 77 -1  -2
504 -1 3 -1  -2
3 -1 7 -1 87 -1  -2
11 -1 148 -1 316 -1  -2
1 -1 138 -1 3 -1  -2
1 -1 6 -1 2 -1  -2
218 -1 6 -1 364 -1  -2
1 -1 6 -1 3 -1  -2
11 -1 6 -1 633 -1  -2
218 -1 6 -1 361 -1  -2
1 -1 6 -1 7 -1  -2
11 -1 6 -1 215 -1 205 -1  -2
218 -1 6 -1 273 -1 148 -1  -2
40 -1 77 -1  -2
6 -1 1132 -1  -2
6 -1 512 -1 3 -1  -2
11 -1 3 -1 737 -1  -2
11 -1 6 -1 644 -1  -2
6 -1 7 -1 897 -1 87 -1  -2
6 -1 1141 -1  -2
11 -1 27 -1 1 -1  -2
11 -1 987 -1  -2
11 -1 27 -1 3 -1  -2
6 -1 1144 -1  -2
1 -1 6 -1 25 -1  -2
11 -1 1 -1 218 -1 6 -1 3 -1  -2
987 -1 6 -1 3 -1 148 -1  -2
69 -1 218 -1 6 -1 148 -1  -2
11 -1 27 -1 6 -1  -2
11 -1 218 -1 229 -1  -2
11 -1 27 -1 7 -1  -2
11 -1 1 -1 218 -1 6 -1 7 -1  -2
11 -1 987 -1 1 -1 6 -1  -2
11 -1 6 -1 662 -1  -2
69 -1 11 -1 218 -1 6 -1  -2
11 -1 6 -1 667 -1  -2
11 -1 6 -1 670 -1  -2
11 -1 1 -1 218 -1 7 -1 148 -1  -2
11 -1 155 -1 148 -1  -2
303 -1 148 -1  -2
11 -1 490 -1 6 -1  -2
1 -1 6 -1 49 -1  -2
11 -1 27 -1 28 -1  -2
506 -1 6 -1  -2
11 -1 218 -1 254 -1  -2
3 -1 7 -1 148 -1  -2
11 -1 27 -1 32 -1  -2
11 -1 218 -1 255 -1  -2
1 -1 3 -1 148 -1  -2
1 -1 6 -1 55 -1  -2
11 -1 218 -1 6 -1 136 -1 148 -1  -2
218 -1 747 -1  -2
506 -1 11 -1  -2
1 -1 6 -1 56 -1  -2
11 -1 6 -1 686 -1  -2
11 -1 28 -1 7 -1  -2
11 -1 6 -1 90 -1 3 -1  -2
11 -1 1025 -1  -2
11 -1 27 -1 28 -1 7 -1 32 -1  -2
1 -1 6 -1 64 -1  -2
11 -1 6 -1 90 -1 7 -1  -2
1 -1 218 -1 6 -1 90 -1 148 -1  -2
11 -1 27 -1 49 -1  -2
11 -1 218 -1 273 -1  -2
269 -1 218 -1 148 -1  -2
11 -1 90 -1 148 -1  -2
1 -1 6 -1 77 -1  -2
218 -1 6 -1 438 -1  -2
40 -1 148 -1  -2
1 -1 6 -1 83 -1  -2
11 -1 28 -1 32 -1  -2
11 -1 27 -1 64 -1  -2
11 -1 218 -1 6 -1 135 -1 148 -1  -2
1 -1 6 -1 87 -1  -2
218 -1 6 -1 446 -1  -2
27 -1 218 -1 6 -1 148 -1  -2
506 -1 11 -1 6 -1  -2
1 -1 6 -1 90 -1  -2
11 -1 218 -1 6 -1 3 -1 148 -1  -2
11 -1 218 -1 40 -1 6 -1 148 -1  -2
11 -1 6 -1 747 -1 148 -1  -2
11 -1 27 -1 77 -1  -2
11 -1 27 -1 6 -1 897 -1  -2
11 -1 218 -1 303 -1  -2
11 -1 27 -1 83 -1  -2
11 -1 6 -1 737 -1  -2
11 -1 25 -1 148 -1  -2
11 -1 987 -1 1 -1 148 -1  -2
11 -1 27 -1 87 -1  -2
640 -1 6 -1  -2
7 -1 85 -1 86 -1  -2
11 -1 294 -1 3 -1  -2
3 -1 7 -1 205 -1  -2
6 -1 3 -1 7 -1 897 -1  -2
11 -1 6 -1 3 -1 737 -1  -2
11 -1 1 -1 218 -1 6 -1 64 -1 148 -1  -2
11 -1 148 -1 438 -1  -2
11 -1 218 -1 316 -1  -2
69 -1 11 -1 148 -1  -2
69 -1 11 -1 218 -1 148 -1  -2
11 -1 6 -1 747 -1  -2
11 -1 987 -1 6 -1 3 -1  -2
987 -1 1 -1 218 -1 148 -1  -2
1 -1 7 -1 87 -1  -2
11 -1 218 -1 254 -1 148 -1  -2
27 -1 218 -1 7 -1 148 -1  -2
11 -1 218 -1 6 -1 138 -1 148 -1  -2
11 -1 148 -1 446 -1  -2
11 -1 6 -1 148 -1 316 -1  -2
11 -1 27 -1 7 -1 897 -1  -2
218 -1 83 -1 148 -1  -2
11 -1 218 -1 56 -1 148 -1  -2
504 -1 148 -1  -2
11 -1 6 -1 762 -1  -2
1 -1 6 -1 135 -1  -2
1 -1 6 -1 136 -1  -2
11 -1 1 -1 218 -1 6 -1 148 -1  -2
1 -1 6 -1 138 -1  -2
11 -1 27 -1 6 -1 28 -1 32 -1  -2
11 -1 6 -1 155 -1 148 -1  -2
27 -1 6 -1 7 -1 85 -1 86 -1  -2
218 -1 6 -1 504 -1  -2
11 -1 6 -1 773 -1  -2
1956 -1 205 -1  -2
11 -1 6 -1 777 -1  -2
1 -1 6 -1 148 -1  -2
218 -1 6 -1 512 -1  -2
11 -1 218 -1 255 -1 148 -1  -2
1 -1 6 -1 155 -1  -2
6 -1 512 -1 148 -1  -2
11 -1 27 -1 6 -1 28 -1 7 -1  -2
11 -1 218 -1 364 -1  -2
11 -1 1132 -1  -2
11 -1 27 -1 148 -1  -2
11 -1 6 -1 90 -1 148 -1  -2
218 -1 6 -1 747 -1 148 -1  -2
1 -1 7 -1 148 -1  -2
11 -1 1144 -1  -2
246 -1 6 -1  -2
6 -1 55 -1 3 -1  -2
69 -1 11 -1 218 -1  -2
11 -1 6 -1 28 -1 7 -1  -2
6 -1 55 -1 7 -1  -2
6 -1 83 -1 3 -1 7 -1  -2
11 -1 6 -1 25 -1 148 -1  -2
1 -1 218 -1 90 -1 148 -1  -2
1 -1 6 -1 205 -1  -2
11 -1 6 -1 148 -1 438 -1  -2
6 -1 56 -1 3 -1  -2
1 -1 6 -1 215 -1  -2
11 -1 6 -1 845 -1  -2
27 -1 1 -1 3 -1 7 -1  -2
11 -1 6 -1 28 -1 32 -1  -2
11 -1 28 -1 7 -1 32 -1  -2
11 -1 27 -1 205 -1  -2
1 -1 6 -1 229 -1  -2
512 -1 3 -1  -2
11 -1 6 -1 866 -1  -2
11 -1 27 -1 215 -1  -2
11 -1 218 -1 438 -1  -2
218 -1 747 -1 148 -1  -2
11 -1 27 -1 218 -1  -2
314 -1 3 -1  -2
314 -1 6 -1  -2
11 -1 218 -1 446 -1  -2
69 -1 218 -1 6 -1  -2
11 -1 6 -1 148 -1 446 -1  -2
1 -1 6 -1 254 -1  -2
11 -1 218 -1 6 -1 2 -1 148 -1  -2
27 -1 1 -1 3 -1  -2
11 -1 83 -1 85 -1 86 -1  -2
11 -1 987 -1 6 -1 148 -1  -2
27 -1 1 -1 6 -1  -2
27 -1 1 -1 7 -1  -2
218 -1 148 -1 316 -1  -2
27 -1 3 -1 7 -1 87 -1  -2
11 -1 6 -1 897 -1  -2
11 -1 1 -1 218 -1 6 -1 3 -1 148 -1  -2
1 -1 6 -1 273 -1  -2
11 -1 6 -1 2952 -1  -2
1 -1 6 -1 278 -1  -2
11 -1 6 -1 916 -1  -2
11 -1 229 -1 148 -1  -2
644 -1 64 -1  -2
218 -1 6 -1 83 -1 148 -1  -2
11 -1 7 -1 897 -1  -2
11 -1 27 -1 278 -1  -2
1 -1 77 -1 148 -1  -2
11 -1 218 -1 504 -1  -2
1 -1 6 -1 303 -1  -2
11 -1 6 -1 934 -1  -2
11 -1 218 -1 512 -1  -2
218 -1 155 -1 148 -1  -2
27 -1 1 -1 6 -1 7 -1  -2
1 -1 6 -1 316 -1  -2
218 -1 6 -1 90 -1 148 -1  -2
27 -1 1 -1 6 -1 3 -1  -2
27 -1 3 -1 7 -1  -2
11 -1 27 -1 321 -1  -2
218 -1 90 -1 148 -1  -2
1 -1 83 -1 7 -1  -2
218 -1 6 -1 155 -1 148 -1  -2
6 -1 254 -1 148 -1  -2
6 -1 56 -1 148 -1  -2
11 -1 218 -1 3 -1 7 -1  -2
11 -1 27 -1 6 -1 3 -1 7 -1  -2
1 -1 6 -1 364 -1  -2
11 -1 364 -1 148 -1  -2
11 -1 218 -1 64 -1 148 -1  -2
512 -1 148 -1  -2
1 -1 6 -1 379 -1  -2
218 -1 25 -1 148 -1  -2
218 -1 148 -1 438 -1  -2
6 -1 255 -1 148 -1  -2
1 -1 218 -1 6 -1 3 -1 148 -1  -2
218 -1 6 -1 747 -1  -2
11 -1 303 -1 3 -1  -2
69 -1 218 -1 148 -1  -2
218 -1 148 -1 446 -1  -2
218 -1 6 -1 148 -1 316 -1  -2
11 -1 6 -1 1025 -1  -2
11 -1 6 -1 7 -1 897 -1  -2
6 -1 83 -1 7 -1 87 -1  -2
11 -1 1 -1 218 -1 6 -1 7 -1 148 -1  -2
55 -1 3 -1  -2
27 -1 1 -1 148 -1  -2
6 -1 83 -1 7 -1 85 -1  -2
27 -1 3 -1 87 -1  -2
6 -1 83 -1 7 -1 86 -1  -2
55 -1 7 -1  -2
11 -1 218 -1 3 -1 7 -1 148 -1  -2
27 -1 7 -1 85 -1 86 -1  -2
27 -1 3 -1 7 -1 205 -1  -2
27 -1 6 -1 2 -1  -2
269 -1 218 -1 6 -1 148 -1  -2
27 -1 6 -1 3 -1  -2
11 -1 6 -1 229 -1 148 -1  -2
27 -1 6 -1 7 -1  -2
1 -1 6 -1 423 -1  -2
11 -1 27 -1 6 -1 3 -1 205 -1  -2
11 -1 40 -1 3 -1  -2
27 -1 897 -1  -2
11 -1 40 -1 6 -1  -2
1 -1 218 -1 3 -1  -2
56 -1 3 -1  -2
1 -1 218 -1 6 -1  -2
1 -1 218 -1 7 -1  -2
27 -1 1 -1 6 -1 148 -1  -2
1 -1 6 -1 438 -1  -2
27 -1 6 -1 28 -1  -2
27 -1 6 -1 32 -1  -2
1 -1 6 -1 446 -1  -2
1 -1 218 -1 25 -1  -2
27 -1 6 -1 49 -1  -2
27 -1 1 -1 205 -1  -2
11 -1 218 -1 6 -1 7 -1  -2
27 -1 3 -1 148 -1  -2
27 -1 934 -1  -2
6 -1 64 -1 7 -1  -2
27 -1 1 -1 218 -1  -2
27 -1 7 -1 32 -1  -2
1 -1 6 -1 64 -1 148 -1  -2
27 -1 6 -1 64 -1  -2
11 -1 27 -1 6 -1 7 -1 87 -1  -2
11 -1 218 -1 6 -1 2 -1  -2
11 -1 218 -1 6 -1 3 -1  -2
27 -1 6 -1 77 -1  -2
11 -1 6 -1 303 -1 3 -1  -2
1 -1 6 -1 3 -1 7 -1  -2
27 -1 7 -1 49 -1  -2
1 -1 218 -1 64 -1  -2
27 -1 6 -1 83 -1  -2
27 -1 6 -1 85 -1  -2
27 -1 6 -1 86 -1  -2
11 -1 218 -1 135 -1 148 -1  -2
27 -1 6 -1 87 -1  -2
11 -1 6 -1 1132 -1  -2
1 -1 6 -1 504 -1  -2
1 -1 218 -1 77 -1  -2
27 -1 6 -1 3 -1 7 -1 87 -1  -2
11 -1 218 -1 2 -1 148 -1  -2
11 -1 218 -1 6 -1 25 -1  -2
11 -1 6 -1 364 -1 148 -1  -2
1 -1 6 -1 512 -1  -2
1 -1 218 -1 6 -1 7 -1 148 -1  -2
1 -1 218 -1 90 -1  -2
11 -1 218 -1 6 -1 77 -1  -2
27 -1 3 -1 205 -1  -2
218 -1 6 -1 148 -1 446 -1  -2
6 -1 1644 -1  -2
27 -1 7 -1 85 -1  -2
27 -1 7 -1 86 -1  -2
11 -1 218 -1 136 -1 148 -1  -2
27 -1 7 -1 87 -1  -2
11 -1 218 -1 6 -1 83 -1  -2
11 -1 303 -1 148 -1  -2
6 -1 64 -1 77 -1  -2
11 -1 27 -1 6 -1 7 -1 32 -1  -2
11 -1 218 -1 6 -1 56 -1  -2
11 -1 218 -1 3 -1 148 -1  -2
218 -1 6 -1 25 -1 148 -1  -2
11 -1 218 -1 747 -1  -2
11 -1 218 -1 6 -1 64 -1  -2
55 -1 148 -1  -2
27 -1 6 -1 138 -1  -2
218 -1 6 -1 148 -1 438 -1  -2
324 -1 6 -1  -2
6 -1 265 -1 7 -1  -2
11 -1 27 -1 6 -1 7 -1 205 -1  -2
27 -1 6 -1 148 -1  -2
218 -1 229 -1 148 -1  -2
1 -1 6 -1 3 -1 64 -1  -2
1 -1 218 -1 138 -1  -2
1 -1 6 -1 138 -1 3 -1  -2
11 -1 218 -1 6 -1 90 -1  -2
11 -1 40 -1 148 -1  -2
254 -1 148 -1  -2
1 -1 218 -1 148 -1  -2
56 -1 148 -1  -2
1 -1 6 -1 3 -1 77 -1  -2
11 -1 218 -1 6 -1 138 -1  -2
11 -1 218 -1 6 -1 136 -1  -2
6 -1 2 -1 3 -1  -2
11 -1 218 -1 6 -1 135 -1  -2
27 -1 7 -1 148 -1  -2
11 -1 218 -1 6 -1 148 -1  -2
6 -1 2 -1 7 -1  -2
11 -1 218 -1 138 -1 148 -1  -2
11 -1 640 -1 6 -1  -2
255 -1 148 -1  -2
6 -1 64 -1 148 -1  -2
11 -1 27 -1 6 -1 278 -1 7 -1  -2
11 -1 987 -1 218 -1 6 -1  -2
11 -1 218 -1 6 -1 56 -1 148 -1  -2
27 -1 6 -1 205 -1  -2
40 -1 6 -1 3 -1  -2
11 -1 504 -1 148 -1  -2
987 -1 1 -1  -2
987 -1 3 -1  -2
6 -1 3 -1 7 -1  -2
11 -1 218 -1 7 -1 148 -1  -2
27 -1 6 -1 215 -1  -2
987 -1 6 -1  -2
218 -1 6 -1 229 -1 148 -1  -2
11 -1 218 -1 6 -1 155 -1  -2
1 -1 218 -1 6 -1 77 -1 148 -1  -2
1 -1 6 -1 3 -1 148 -1  -2
11 -1 218 -1 6 -1 254 -1 148 -1  -2
27 -1 7 -1 205 -1  -2
218 -1 364 -1 148 -1  -2
27 -1 278 -1 7 -1  -2
11 -1 6 -1 303 -1 148 -1  -2
6 -1 3 -1 49 -1  -2
11 -1 27 -1 6 -1 7 -1 148 -1  -2
11 -1 1644 -1  -2
6 -1 3 -1 64 -1  -2
269 -1 11 -1 218 -1 6 -1  -2
4 -1 1 -1 3 -1  -2
11 -1 6 -1 3 -1 7 -1 87 -1  -2
11 -1 218 -1 273 -1 148 -1  -2
64 -1 7 -1  -2
4 -1 1 -1 6 -1  -2
11 -1 987 -1 218 -1 148 -1  -2
27 -1 6 -1 278 -1  -2
6 -1 3 -1 73 -1  -2
6 -1 1810 -1  -2
6 -1 3 -1 77 -1  -2
40 -1 6 -1 77 -1  -2
11 -1 27 -1 6 -1 7 -1 321 -1  -2
659 -1 6 -1  -2
218 -1 40 -1 6 -1  -2
11 -1 27 -1 6 -1 83 -1 7 -1  -2
6 -1 662 -1 136 -1  -2
6 -1 3 -1 87 -1  -2
11 -1 218 -1 6 -1 229 -1  -2
11 -1 218 -1 6 -1 512 -1 148 -1  -2
1 -1 90 -1 148 -1  -2
7 -1 897 -1 87 -1  -2
6 -1 138 -1 3 -1  -2
6 -1 138 -1 7 -1  -2
11 -1 1 -1 3 -1 7 -1  -2
6 -1 1838 -1  -2
27 -1 1 -1 218 -1 6 -1  -2
11 -1 6 -1 504 -1 148 -1  -2
11 -1 218 -1 6 -1 273 -1  -2
1 -1 218 -1 303 -1  -2
27 -1 6 -1 321 -1  -2
11 -1 314 -1 6 -1  -2
6 -1 2 -1 148 -1  -2
11 -1 1 -1 64 -1 148 -1  -2
1 -1 6 -1 737 -1  -2
11 -1 218 -1 6 -1 254 -1  -2
11 -1 218 -1 6 -1 255 -1  -2
6 -1 28 -1 7 -1 32 -1  -2
11 -1 218 -1 77 -1 148 -1  -2
6 -1 3 -1 135 -1  -2
6 -1 3 -1 136 -1  -2
27 -1 83 -1 3 -1  -2
6 -1 71 -1 77 -1  -2
64 -1 77 -1  -2
27 -1 83 -1 7 -1  -2
11 -1 218 -1 6 -1 303 -1  -2
6 -1 135 -1 148 -1  -2
27 -1 7 -1 321 -1  -2
40 -1 6 -1 148 -1  -2
6 -1 3 -1 148 -1  -2
11 -1 1 -1 6 -1 90 -1 148 -1  -2
987 -1 148 -1  -2
1 -1 6 -1 7 -1 148 -1  -2
6 -1 7 -1 32 -1  -2
265 -1 7 -1  -2
1 -1 2 -1  -2
1 -1 3 -1  -2
218 -1 6 -1 364 -1 148 -1  -2
1 -1 6 -1  -2
1 -1 7 -1  -2
11 -1 1 -1 3 -1 64 -1  -2
6 -1 138 -1 77 -1  -2
6 -1 7 -1 49 -1  -2
11 -1 218 -1 6 -1 316 -1  -2
6 -1 136 -1 148 -1  -2
6 -1 273 -1 3 -1  -2
1 -1 25 -1  -2
3 -1 7 -1 897 -1  -2
6 -1 83 -1 85 -1 86 -1  -2
218 -1 303 -1 148 -1  -2
11 -1 1 -1 6 -1 2 -1  -2
11 -1 218 -1 6 -1 364 -1  -2
11 -1 27 -1 218 -1 6 -1 7 -1 148 -1  -2
2 -1 3 -1  -2
2 -1 7 -1  -2
6 -1 934 -1 7 -1  -2
11 -1 1 -1 6 -1 3 -1  -2
1 -1 40 -1  -2
6 -1 7 -1 77 -1  -2
11 -1 1 -1 6 -1 7 -1  -2
6 -1 3 -1 205 -1  -2
1 -1 49 -1  -2
11 -1 1 -1 3 -1 77 -1  -2
6 -1 7 -1 85 -1  -2
6 -1 7 -1 86 -1  -2
64 -1 148 -1  -2
6 -1 7 -1 87 -1  -2
1 -1 55 -1  -2
1 -1 56 -1  -2
11 -1 3 -1 7 -1 87 -1  -2
27 -1 83 -1 85 -1  -2
69 -1 1 -1  -2
6 -1 1956 -1  -2
69 -1 3 -1  -2
1 -1 64 -1  -2
987 -1 218 -1  -2
4 -1 6 -1 3 -1  -2
69 -1 6 -1  -2
69 -1 7 -1  -2
11 -1 1 -1 6 -1 3 -1 7 -1  -2
27 -1 218 -1 3 -1  -2
4 -1 6 -1 7 -1  -2
3 -1 7 -1  -2
27 -1 218 -1 6 -1  -2
218 -1 40 -1 148 -1  -2
69 -1 11 -1  -2
27 -1 218 -1 7 -1  -2
3 -1 14 -1  -2
1 -1 77 -1  -2
6 -1 138 -1 148 -1  -2
1 -1 83 -1  -2
11 -1 1 -1 6 -1 64 -1 148 -1  -2
1 -1 87 -1  -2
11 -1 1 -1 6 -1 25 -1  -2
1 -1 90 -1  -2
3 -1 32 -1  -2
4 -1 1 -1  -2
11 -1 512 -1 148 -1  -2
4 -1 3 -1  -2
11 -1 1 -1 6 -1 64 -1  -2
4 -1 6 -1  -2
1 -1 6 -1 77 -1 148 -1  -2
218 -1 6 -1 303 -1 148 -1  -2
4 -1 7 -1  -2
11 -1 1838 -1  -2
6 -1 7 -1 136 -1  -2
11 -1 1 -1 6 -1 77 -1  -2
3 -1 49 -1  -2
6 -1 7 -1 148 -1  -2
269 -1 1 -1  -2
11 -1 3 -1 7 -1 148 -1  -2
11 -1 55 -1 3 -1  -2
11 -1 218 -1 6 -1 229 -1 148 -1  -2
218 -1 504 -1 148 -1  -2
269 -1 3 -1  -2
83 -1 3 -1 7 -1  -2
4 -1 27 -1  -2
6 -1 3 -1 278 -1  -2
269 -1 6 -1  -2
11 -1 1 -1 6 -1 56 -1  -2
11 -1 1 -1 3 -1 148 -1  -2
11 -1 1 -1 6 -1 55 -1  -2
27 -1 1 -1 218 -1 148 -1  -2
27 -1 85 -1 86 -1  -2
3 -1 64 -1  -2
269 -1 11 -1  -2
11 -1 1 -1 218 -1 6 -1 90 -1 148 -1  -2
11 -1 27 -1 1 -1 6 -1 148 -1  -2
1 -1 135 -1  -2
3 -1 73 -1  -2
1 -1 136 -1  -2
1 -1 138 -1  -2
27 -1 6 -1 3 -1 7 -1  -2
3 -1 77 -1  -2
11 -1 7 -1 85 -1 86 -1  -2
11 -1 27 -1 897 -1  -2
662 -1 136 -1  -2
1 -1 148 -1  -2
1 -1 6 -1 83 -1 7 -1  -2
3 -1 87 -1  -2
11 -1 6 -1 83 -1 7 -1 86 -1  -2
11 -1 56 -1 3 -1  -2
11 -1 6 -1 83 -1 7 -1 85 -1  -2
11 -1 218 -1 6 -1 438 -1  -2
11 -1 1 -1 6 -1 83 -1  -2
11 -1 1 -1 6 -1 90 -1  -2
138 -1 3 -1  -2
1 -1 155 -1  -2
6 -1 2 -1  -2
6 -1 3 -1  -2
138 -1 7 -1  -2
6 -1 3 -1 316 -1  -2
11 -1 218 -1 6 -1 446 -1  -2
490 -1 6 -1 3 -1  -2
6 -1 7 -1  -2
11 -1 218 -1 6 -1 25 -1 148 -1  -2
6 -1 12 -1  -2
11 -1 218 -1 83 -1 148 -1  -2
6 -1 273 -1 148 -1  -2
11 -1 1 -1 6 -1 138 -1  -2
6 -1 14 -1  -2
11 -1 1 -1 6 -1 136 -1  -2
6 -1 7 -1 205 -1  -2
11 -1 1 -1 6 -1 135 -1  -2
11 -1 218 -1 6 -1 148 -1 438 -1  -2
6 -1 21 -1  -2
2 -1 148 -1  -2
6 -1 2072 -1  -2
6 -1 25 -1  -2
6 -1 278 -1 7 -1  -2
6 -1 28 -1  -2
6 -1 32 -1  -2
11 -1 6 -1 512 -1 148 -1  -2
11 -1 218 -1 6 -1 90 -1 148 -1  -2
3 -1 135 -1  -2
3 -1 136 -1  -2
71 -1 77 -1  -2
6 -1 45 -1  -2
6 -1 46 -1  -2
6 -1 49 -1  -2
1 -1 205 -1  -2
135 -1 148 -1  -2
69 -1 148 -1  -2
3 -1 148 -1  -2
6 -1 55 -1  -2
6 -1 56 -1  -2
11 -1 218 -1 6 -1 504 -1  -2
27 -1 218 -1 148 -1  -2
338 -1 6 -1  -2
11 -1 1 -1 6 -1 148 -1  -2
1 -1 215 -1  -2
1 -1 218 -1  -2
7 -1 32 -1  -2
6 -1 64 -1  -2
11 -1 218 -1 6 -1 512 -1  -2
27 -1 6 -1 28 -1 7 -1 32 -1  -2
11 -1 1 -1 6 -1 155 -1  -2
987 -1 218 -1 6 -1 148 -1  -2
6 -1 71 -1  -2
6 -1 73 -1  -2
138 -1 77 -1  -2
1 -1 229 -1  -2
218 -1 314 -1 6 -1  -2
6 -1 77 -1  -2
7 -1 49 -1  -2
6 -1 77 -1 148 -1  -2
136 -1 148 -1  -2
11 -1 1 -1 6 -1 205 -1  -2
6 -1 83 -1  -2
6 -1 85 -1  -2
11 -1 6 -1 1644 -1  -2
6 -1 86 -1  -2
6 -1 87 -1  -2
273 -1 3 -1  -2
6 -1 89 -1  -2
6 -1 90 -1  -2
6 -1 91 -1  -2
6 -1 14 -1 64 -1  -2
11 -1 1 -1 7 -1 148 -1  -2
27 -1 6 -1 3 -1 87 -1  -2
11 -1 6 -1 55 -1 3 -1  -2
1 -1 254 -1  -2
934 -1 7 -1  -2
7 -1 77 -1  -2
27 -1 6 -1 3 -1 148 -1  -2
269 -1 148 -1  -2
3 -1 205 -1  -2
7 -1 85 -1  -2
11 -1 218 -1 747 -1 148 -1  -2
7 -1 86 -1  -2
1 -1 273 -1  -2
7 -1 87 -1  -2
6 -1 215 -1 3 -1  -2
11 -1 6 -1 56 -1 3 -1  -2
6 -1 83 -1 3 -1  -2
6 -1 215 -1 7 -1  -2
1 -1 278 -1  -2
69 -1 218 -1  -2
6 -1 3 -1 438 -1  -2
218 -1 6 -1 504 -1 148 -1  -2
6 -1 83 -1 7 -1  -2
11 -1 1 -1 6 -1 215 -1  -2
11 -1 1 -1 6 -1 3 -1 64 -1  -2
1 -1 40 -1 6 -1  -2
6 -1 7 -1 321 -1  -2
6 -1 3 -1 446 -1  -2
11 -1 27 -1 1 -1 3 -1  -2
11 -1 27 -1 1 -1 218 -1 6 -1  -2
11 -1 254 -1 148 -1  -2
27 -1 6 -1 83 -1 7 -1 85 -1  -2
6 -1 135 -1  -2
6 -1 136 -1  -2
11 -1 27 -1 1 -1 7 -1  -2
11 -1 987 -1 218 -1 6 -1 148 -1  -2
6 -1 138 -1  -2
11 -1 27 -1 1 -1 6 -1  -2
1 -1 294 -1  -2
11 -1 56 -1 148 -1  -2
6 -1 142 -1  -2
138 -1 148 -1  -2
27 -1 6 -1 7 -1 49 -1  -2
11 -1 218 -1 148 -1 316 -1  -2
1 -1 303 -1  -2
6 -1 148 -1  -2
6 -1 155 -1  -2
4 -1 218 -1  -2
11 -1 1 -1  -2
11 -1 2 -1  -2
6 -1 158 -1  -2
11 -1 3 -1  -2
1 -1 314 -1  -2
11 -1 4 -1  -2
1 -1 316 -1  -2
11 -1 6 -1  -2
11 -1 1 -1 6 -1 254 -1  -2
11 -1 7 -1  -2
11 -1 255 -1 148 -1  -2
27 -1 6 -1 7 -1 32 -1  -2
27 -1 6 -1 7 -1 85 -1  -2
83 -1 7 -1 86 -1  -2
27 -1 6 -1 7 -1 86 -1  -2
83 -1 7 -1 85 -1  -2
7 -1 136 -1  -2
11 -1 12 -1  -2
83 -1 7 -1 87 -1  -2
11 -1 14 -1  -2
27 -1 28 -1 7 -1  -2
27 -1 6 -1 7 -1 87 -1  -2
11 -1 21 -1  -2
11 -1 6 -1 28 -1 7 -1 32 -1  -2
11 -1 1 -1 6 -1 7 -1 148 -1  -2
27 -1 6 -1 3 -1 205 -1  -2
11 -1 1 -1 77 -1 148 -1  -2
7 -1 148 -1  -2
11 -1 2072 -1  -2
269 -1 218 -1  -2
11 -1 25 -1  -2
11 -1 27 -1  -2
11 -1 1 -1 6 -1 273 -1  -2
11 -1 987 -1 1 -1  -2
11 -1 28 -1  -2
11 -1 987 -1 3 -1  -2
3 -1 278 -1  -2
11 -1 987 -1 6 -1  -2
11 -1 32 -1  -2
11 -1 40 -1  -2
27 -1 28 -1 32 -1  -2
11 -1 45 -1  -2
6 -1 64 -1 670 -1  -2
11 -1 46 -1  -2
11 -1 27 -1 3 -1 7 -1  -2
11 -1 49 -1  -2
6 -1 83 -1 85 -1  -2
6 -1 205 -1  -2
6 -1 83 -1 86 -1  -2
6 -1 83 -1 87 -1  -2
1 -1 364 -1  -2
11 -1 55 -1  -2
11 -1 56 -1  -2
218 -1 512 -1 148 -1  -2
11 -1 1 -1 6 -1 3 -1 148 -1  -2
6 -1 215 -1  -2
11 -1 1 -1 6 -1 303 -1  -2
11 -1 64 -1  -2
6 -1 220 -1  -2
3 -1 316 -1  -2
1 -1 379 -1  -2
11 -1 71 -1  -2
11 -1 1 -1 6 -1 316 -1  -2
11 -1 73 -1  -2
11 -1 218 -1 155 -1 148 -1  -2
6 -1 229 -1  -2
6 -1 230 -1  -2
11 -1 6 -1 254 -1 148 -1  -2
6 -1 232 -1  -2
11 -1 77 -1  -2
27 -1 6 -1 7 -1 148 -1  -2
6 -1 233 -1  -2
273 -1 148 -1  -2
6 -1 235 -1  -2
218 -1 3 -1 7 -1 148 -1  -2
7 -1 205 -1  -2
6 -1 237 -1  -2
11 -1 218 -1 6 -1 303 -1 148 -1  -2
11 -1 83 -1  -2
11 -1 85 -1  -2
11 -1 6 -1 56 -1 148 -1  -2
11 -1 86 -1  -2
11 -1 87 -1  -2
11 -1 1 -1 6 -1 364 -1  -2
11 -1 89 -1  -2
11 -1 90 -1  -2
11 -1 64 -1 7 -1  -2
278 -1 7 -1  -2
6 -1 254 -1  -2
6 -1 255 -1  -2
11 -1 218 -1 90 -1 148 -1  -2
6 -1 259 -1  -2
6 -1 260 -1  -2
6 -1 215 -1 148 -1  -2
11 -1 6 -1 255 -1 148 -1  -2
11 -1 218 -1 6 -1 747 -1  -2
6 -1 265 -1  -2
11 -1 218 -1 148 -1 438 -1  -2
6 -1 83 -1 148 -1  -2
6 -1 85 -1 86 -1  -2
1 -1 423 -1  -2
6 -1 273 -1  -2
11 -1 218 -1 6 -1 364 -1 148 -1  -2
6 -1 278 -1  -2
987 -1 1 -1 6 -1  -2
11 -1 6 -1 1838 -1  -2
11 -1 27 -1 1 -1 218 -1 6 -1 148 -1  -2
6 -1 281 -1  -2
1 -1 438 -1  -2
6 -1 290 -1  -2
11 -1 135 -1  -2
11 -1 218 -1 25 -1 148 -1  -2
1 -1 446 -1  -2
11 -1 136 -1  -2
11 -1 138 -1  -2
6 -1 294 -1  -2
11 -1 27 -1 6 -1 7 -1  -2
11 -1 142 -1  -2
11 -1 1 -1 6 -1 77 -1 148 -1  -2
27 -1 6 -1 278 -1 7 -1  -2
77 -1 148 -1  -2
27 -1 6 -1 7 -1 205 -1  -2
6 -1 303 -1  -2
11 -1 148 -1  -2
6 -1 306 -1  -2
11 -1 155 -1  -2
27 -1 1 -1 6 -1 3 -1 7 -1  -2
14 -1 64 -1  -2
11 -1 158 -1  -2
11 -1 27 -1 1 -1 218 -1 148 -1  -2
6 -1 316 -1  -2
11 -1 27 -1 1 -1 148 -1  -2
11 -1 64 -1 77 -1  -2
6 -1 215 -1 205 -1  -2
6 -1 321 -1  -2
11 -1 27 -1 6 -1 3 -1  -2
11 -1 987 -1 148 -1  -2
3 -1 423 -1  -2
1 -1 218 -1 6 -1 64 -1 148 -1  -2
11 -1 1 -1 2 -1  -2
11 -1 6 -1 83 -1 85 -1 86 -1  -2
11 -1 1 -1 3 -1  -2
215 -1 3 -1  -2
6 -1 90 -1 3 -1  -2
4 -1 218 -1 6 -1  -2
11 -1 1 -1 6 -1  -2
11 -1 27 -1 6 -1 49 -1  -2
11 -1 1 -1 7 -1  -2
11 -1 1 -1 218 -1 6 -1  -2
83 -1 3 -1  -2
215 -1 7 -1  -2
6 -1 90 -1 7 -1  -2
11 -1 1 -1 218 -1 3 -1  -2
3 -1 438 -1  -2
11 -1 1 -1 6 -1 438 -1  -2
11 -1 27 -1 6 -1 28 -1  -2
83 -1 7 -1  -2
11 -1 1 -1 218 -1 7 -1  -2
1 -1 504 -1  -2
11 -1 27 -1 6 -1 32 -1  -2
7 -1 321 -1  -2
3 -1 446 -1  -2
11 -1 1 -1 6 -1 446 -1  -2
6 -1 354 -1  -2
1 -1 512 -1  -2
6 -1 357 -1  -2
6 -1 358 -1  -2
11 -1 1 -1 25 -1  -2
11 -1 205 -1  -2
6 -1 361 -1  -2
6 -1 364 -1  -2
11 -1 2 -1 3 -1  -2
11 -1 27 -1 6 -1 77 -1  -2
11 -1 215 -1  -2
11 -1 27 -1 6 -1 83 -1  -2
1 -1 6 -1 90 -1 148 -1  -2
6 -1 747 -1 148 -1  -2
11 -1 1 -1 218 -1 64 -1  -2
6 -1 25 -1 3 -1  -2
11 -1 2 -1 7 -1  -2
11 -1 218 -1  -2
11 -1 6 -1 64 -1 7 -1  -2
218 -1 6 -1 512 -1 148 -1  -2
11 -1 1 -1 40 -1  -2
6 -1 378 -1  -2
27 -1 6 -1 897 -1  -2
6 -1 379 -1  -2
11 -1 27 -1 6 -1 64 -1  -2
11 -1 27 -1 1 -1 218 -1  -2
11 -1 27 -1 7 -1 32 -1  -2
11 -1 229 -1  -2
11 -1 230 -1  -2
11 -1 64 -1 148 -1  -2
11 -1 233 -1  -2
11 -1 1 -1 55 -1  -2
11 -1 235 -1  -2
11 -1 1 -1 56 -1  -2
11 -1 1 -1 6 -1 512 -1  -2
11 -1 237 -1  -2
11 -1 1 -1 218 -1 90 -1  -2
27 -1 6 -1 83 -1 3 -1  -2
6 -1 397 -1  -2
11 -1 27 -1 3 -1 205 -1  -2
11 -1 987 -1 218 -1  -2
11 -1 1 -1 64 -1  -2
218 -1 254 -1 148 -1  -2
6 -1 148 -1 316 -1  -2
11 -1 3 -1 7 -1  -2
11 -1 27 -1 6 -1 87 -1  -2
218 -1 6 -1 255 -1 148 -1  -2
11 -1 254 -1  -2
27 -1 7 -1 897 -1  -2
11 -1 255 -1  -2
11 -1 27 -1 218 -1 6 -1 7 -1  -2
11 -1 1 -1 77 -1  -2
218 -1 56 -1 148 -1  -2
11 -1 259 -1  -2
11 -1 1 -1 218 -1 77 -1  -2
11 -1 260 -1  -2
27 -1 6 -1 934 -1  -2
11 -1 1 -1 83 -1  -2
11 -1 265 -1  -2
64 -1 670 -1  -2
6 -1 423 -1  -2
83 -1 85 -1  -2
6 -1 3 -1 737 -1  -2
11 -1 1 -1 90 -1  -2
987 -1 1 -1 148 -1  -2
83 -1 86 -1  -2
83 -1 87 -1  -2
11 -1 273 -1  -2
11 -1 4 -1 1 -1  -2
218 -1 2 -1  -2
11 -1 4 -1 3 -1  -2
11 -1 218 -1 229 -1 148 -1  -2
218 -1 3 -1  -2
11 -1 278 -1  -2
1 -1 314 -1 6 -1  -2
11 -1 4 -1 6 -1  -2
11 -1 27 -1 6 -1 148 -1  -2
6 -1 434 -1  -2
218 -1 6 -1  -2
218 -1 255 -1 148 -1  -2
6 -1 435 -1  -2
218 -1 7 -1  -2
11 -1 281 -1  -2
6 -1 438 -1  -2
11 -1 27 -1 7 -1 87 -1  -2
218 -1 6 -1 254 -1 148 -1  -2
11 -1 290 -1  -2
218 -1 6 -1 56 -1 148 -1  -2
6 -1 446 -1  -2
987 -1 6 -1 3 -1  -2
11 -1 6 -1 64 -1 77 -1  -2
27 -1 6 -1 83 -1 7 -1  -2
6 -1 448 -1  -2
11 -1 294 -1  -2
27 -1 6 -1 7 -1 321 -1  -2
987 -1 1 -1 218 -1 6 -1  -2
6 -1 3 -1 7 -1 87 -1  -2
6 -1 155 -1 148 -1  -2
6 -1 452 -1  -2
218 -1 25 -1  -2
6 -1 455 -1  -2
11 -1 1 -1 218 -1 148 -1  -2
11 -1 303 -1  -2
11 -1 3 -1 64 -1  -2
11 -1 27 -1 7 -1 148 -1  -2
11 -1 6 -1 2 -1 3 -1  -2
218 -1 40 -1  -2
11 -1 314 -1  -2
6 -1 28 -1 7 -1  -2
11 -1 1 -1 135 -1  -2
6 -1 470 -1  -2
11 -1 1 -1 136 -1  -2
11 -1 316 -1  -2
11 -1 1 -1 138 -1  -2
11 -1 27 -1 6 -1 7 -1 897 -1  -2
6 -1 473 -1  -2
11 -1 3 -1 77 -1  -2
269 -1 1 -1 6 -1  -2
11 -1 321 -1  -2
11 -1 662 -1 136 -1  -2
27 -1 83 -1 7 -1 85 -1  -2
11 -1 1 -1 148 -1  -2
215 -1 148 -1  -2
218 -1 55 -1  -2
11 -1 3 -1 87 -1  -2
218 -1 56 -1  -2
6 -1 90 -1 148 -1  -2
83 -1 148 -1  -2
85 -1 86 -1  -2
11 -1 6 -1 64 -1 148 -1  -2
11 -1 138 -1 3 -1  -2
11 -1 1 -1 155 -1  -2
987 -1 3 -1 148 -1  -2
6 -1 491 -1  -2
11 -1 6 -1 2 -1  -2
6 -1 492 -1  -2
218 -1 64 -1  -2
11 -1 6 -1 3 -1  -2
11 -1 138 -1 7 -1  -2
11 -1 40 -1 6 -1 3 -1  -2
6 -1 494 -1  -2
6 -1 28 -1 32 -1  -2
11 -1 6 -1 7 -1  -2
11 -1 27 -1 6 -1 205 -1  -2
11 -1 987 -1 1 -1 6 -1 148 -1  -2
11 -1 6 -1 12 -1  -2
11 -1 6 -1 14 -1  -2
11 -1 6 -1 2 -1 7 -1  -2
6 -1 504 -1  -2
218 -1 77 -1  -2
27 -1 6 -1 83 -1 85 -1  -2
28 -1 7 -1 32 -1  -2
11 -1 6 -1 21 -1  -2
218 -1 83 -1  -2
6 -1 512 -1  -2
11 -1 357 -1  -2
6 -1 3 -1 7 -1 148 -1  -2
11 -1 358 -1  -2
11 -1 2 -1 148 -1  -2
11 -1 6 -1 2072 -1  -2
6 -1 514 -1  -2
11 -1 6 -1 25 -1  -2
987 -1 1 -1 218 -1  -2
11 -1 361 -1  -2
6 -1 25 -1 148 -1  -2
11 -1 6 -1 28 -1  -2
218 -1 90 -1  -2
11 -1 364 -1  -2
6 -1 294 -1 3 -1  -2
6 -1 521 -1  -2
11 -1 6 -1 32 -1  -2
11 -1 27 -1 7 -1 205 -1  -2
6 -1 522 -1  -2
6 -1 148 -1 438 -1  -2
11 -1 27 -1 218 -1 6 -1 148 -1  -2
155 -1 3 -1  -2
11 -1 218 -1 6 -1 273 -1 148 -1  -2
6 -1 531 -1  -2
11 -1 3 -1 135 -1  -2
11 -1 218 -1 364 -1 148 -1  -2
6 -1 148 -1 446 -1  -2
11 -1 3 -1 136 -1  -2
11 -1 378 -1  -2
11 -1 379 -1  -2
11 -1 6 -1 45 -1  -2
11 -1 27 -1 6 -1 215 -1  -2
11 -1 6 -1 46 -1  -2
83 -1 85 -1 86 -1  -2
11 -1 6 -1 3 -1 7 -1  -2
6 -1 537 -1  -2
11 -1 6 -1 49 -1  -2
11 -1 1 -1 205 -1  -2
6 -1 540 -1  -2
215 -1 205 -1  -2
11 -1 135 -1 148 -1  -2
11 -1 3 -1 148 -1  -2
11 -1 6 -1 55 -1  -2
11 -1 6 -1 56 -1  -2
1 -1 218 -1 64 -1 148 -1  -2
11 -1 1 -1 215 -1  -2
69 -1 11 -1 1 -1 6 -1  -2
11 -1 1 -1 218 -1  -2
11 -1 7 -1 32 -1  -2
11 -1 6 -1 64 -1  -2
6 -1 555 -1  -2
11 -1 27 -1 218 -1 7 -1 148 -1  -2
90 -1 3 -1  -2
11 -1 6 -1 3 -1 64 -1  -2
11 -1 6 -1 71 -1  -2
11 -1 4 -1 1 -1 6 -1  -2
11 -1 6 -1 73 -1  -2
90 -1 7 -1  -2
218 -1 135 -1  -2
218 -1 136 -1  -2
11 -1 218 -1 6 -1 7 -1 148 -1  -2
218 -1 138 -1  -2
11 -1 6 -1 77 -1  -2
11 -1 27 -1 278 -1 7 -1  -2
6 -1 568 -1  -2
6 -1 7 -1 85 -1 86 -1  -2
6 -1 3 -1 7 -1 205 -1  -2
11 -1 7 -1 49 -1  -2
11 -1 136 -1 148 -1  -2
11 -1 6 -1 83 -1  -2
27 -1 6 -1 85 -1 86 -1  -2
11 -1 6 -1 85 -1  -2
11 -1 6 -1 86 -1  -2
218 -1 148 -1  -2
11 -1 6 -1 87 -1  -2
11 -1 273 -1 3 -1  -2
11 -1 423 -1  -2
11 -1 6 -1 89 -1  -2
11 -1 6 -1 90 -1  -2
1 -1 737 -1  -2
6 -1 582 -1  -2
218 -1 155 -1  -2
11 -1 1 -1 90 -1 148 -1  -2
6 -1 584 -1  -2
6 -1 3 -1 897 -1  -2
11 -1 6 -1 3 -1 87 -1  -2
11 -1 6 -1 138 -1 3 -1  -2
987 -1 6 -1 148 -1  -2
11 -1 1 -1 254 -1  -2
11 -1 435 -1  -2
747 -1 148 -1  -2
11 -1 6 -1 138 -1 7 -1  -2
11 -1 934 -1 7 -1  -2
1 -1 747 -1  -2
25 -1 3 -1  -2
11 -1 438 -1  -2
1 -1 55 -1 3 -1  -2
11 -1 218 -1 6 -1 77 -1 148 -1  -2
11 -1 7 -1 77 -1  -2
6 -1 598 -1  -2
11 -1 27 -1 6 -1 278 -1  -2
11 -1 446 -1  -2
11 -1 3 -1 205 -1  -2
218 -1 6 -1 3 -1 7 -1 148 -1  -2
11 -1 6 -1 3 -1 77 -1  -2
11 -1 7 -1 85 -1  -2
11 -1 218 -1 40 -1 6 -1  -2
11 -1 7 -1 86 -1  -2
11 -1 1 -1 273 -1  -2
11 -1 7 -1 87 -1  -2
11 -1 6 -1 662 -1 136 -1  -2
1 -1 218 -1 6 -1 3 -1  -2
148 -1 316 -1  -2
1 -1 218 -1 6 -1 7 -1  -2
11 -1 6 -1 135 -1  -2
11 -1 470 -1  -2
11 -1 6 -1 136 -1  -2
269 -1 6 -1 3 -1  -2
11 -1 6 -1 138 -1  -2
11 -1 473 -1  -2
11 -1 6 -1 142 -1  -2
6 -1 632 -1  -2
6 -1 633 -1  -2
218 -1 205 -1  -2
11 -1 6 -1 83 -1 7 -1 85 -1 86 -1  -2
11 -1 138 -1 148 -1  -2
11 -1 1 -1 303 -1  -2
11 -1 6 -1 148 -1  -2
6 -1 364 -1 3 -1  -2
11 -1 6 -1 2 -1 148 -1  -2
218 -1 215 -1  -2
3 -1 737 -1  -2
6 -1 644 -1  -2
11 -1 6 -1 155 -1  -2
11 -1 27 -1 6 -1 321 -1  -2
11 -1 490 -1  -2
11 -1 491 -1  -2
11 -1 492 -1  -2
11 -1 6 -1 158 -1  -2
11 -1 494 -1  -2
11 -1 1 -1 316 -1  -2
69 -1 11 -1 6 -1 7 -1  -2
83 -1 7 -1 85 -1 86 -1  -2
11 -1 6 -1 7 -1 32 -1  -2
27 -1 1 -1  -2
27 -1 2 -1  -2
11 -1 6 -1 83 -1 3 -1 7 -1  -2
27 -1 3 -1  -2
69 -1 11 -1 6 -1 3 -1  -2
27 -1 6 -1  -2
218 -1 229 -1  -2
27 -1 7 -1  -2
218 -1 230 -1  -2
11 -1 218 -1 6 -1 148 -1 316 -1  -2
11 -1 504 -1  -2
11 -1 1 -1 218 -1 90 -1 148 -1  -2
218 -1 64 -1 148 -1  -2
6 -1 662 -1  -2
11 -1 6 -1 3 -1 136 -1  -2
11 -1 6 -1 3 -1 135 -1  -2
6 -1 667 -1  -2
11 -1 512 -1  -2
11 -1 27 -1 83 -1 7 -1  -2
11 -1 7 -1 148 -1  -2
11 -1 514 -1  -2
11 -1 27 -1 7 -1 321 -1  -2
6 -1 670 -1  -2
155 -1 148 -1  -2
490 -1 3 -1  -2
11 -1 6 -1 135 -1 148 -1  -2
987 -1 1 -1 6 -1 148 -1  -2
1 -1 218 -1 6 -1 25 -1  -2
490 -1 6 -1  -2
11 -1 3 -1 278 -1  -2
11 -1 6 -1 3 -1 148 -1  -2
218 -1 3 -1 7 -1  -2
11 -1 521 -1  -2
11 -1 40 -1 6 -1 148 -1  -2
11 -1 522 -1  -2
218 -1 6 -1 3 -1 7 -1  -2
6 -1 678 -1  -2
27 -1 28 -1  -2
11 -1 218 -1 303 -1 148 -1  -2
218 -1 254 -1  -2
1 -1 218 -1 6 -1 64 -1  -2
27 -1 32 -1  -2
218 -1 255 -1  -2
6 -1 686 -1  -2
11 -1 531 -1  -2
28 -1 7 -1  -2
11 -1 218 -1 6 -1 747 -1 148 -1  -2
11 -1 6 -1 934 -1 7 -1  -2
11 -1 537 -1  -2
6 -1 361 -1 148 -1  -2
218 -1 6 -1 64 -1 148 -1  -2
11 -1 6 -1 205 -1  -2
11 -1 540 -1  -2
6 -1 229 -1 148 -1  -2
11 -1 1 -1 364 -1  -2
11 -1 6 -1 7 -1 49 -1  -2
27 -1 49 -1  -2
218 -1 273 -1  -2
1 -1 218 -1 3 -1 148 -1  -2
90 -1 148 -1  -2
11 -1 6 -1 215 -1  -2
11 -1 6 -1 136 -1 148 -1  -2
27 -1 55 -1  -2
11 -1 6 -1 273 -1 3 -1  -2
6 -1 7 -1 897 -1  -2
11 -1 3 -1 316 -1  -2
11 -1 4 -1 6 -1 3 -1  -2
28 -1 32 -1  -2
27 -1 64 -1  -2
11 -1 6 -1 229 -1  -2
11 -1 6 -1 230 -1  -2
11 -1 218 -1 40 -1 148 -1  -2
11 -1 6 -1 233 -1  -2
11 -1 273 -1 148 -1  -2
11 -1 27 -1 218 -1 7 -1  -2
11 -1 568 -1  -2
11 -1 27 -1 218 -1 6 -1  -2
11 -1 6 -1 235 -1  -2
1 -1 218 -1 6 -1 77 -1  -2
11 -1 7 -1 205 -1  -2
11 -1 6 -1 237 -1  -2
11 -1 6 -1 7 -1 77 -1  -2
27 -1 77 -1  -2
11 -1 6 -1 3 -1 205 -1  -2
218 -1 3 -1 64 -1  -2
218 -1 303 -1  -2
11 -1 6 -1 7 -1 86 -1  -2
27 -1 83 -1  -2
11 -1 6 -1 7 -1 85 -1  -2
27 -1 85 -1  -2
11 -1 278 -1 7 -1  -2
6 -1 737 -1  -2
25 -1 148 -1  -2
27 -1 86 -1  -2
11 -1 218 -1 6 -1 155 -1 148 -1  -2
27 -1 87 -1  -2
11 -1 584 -1  -2
294 -1 3 -1  -2
1 -1 218 -1 6 -1 90 -1  -2
11 -1 6 -1 7 -1 87 -1  -2
218 -1 314 -1  -2
11 -1 6 -1 254 -1  -2
148 -1 438 -1  -2
218 -1 316 -1  -2
11 -1 6 -1 255 -1  -2
6 -1 747 -1  -2
11 -1 6 -1 259 -1  -2
11 -1 6 -1 260 -1  -2
148 -1 446 -1  -2
11 -1 6 -1 265 -1  -2
27 -1 6 -1 28 -1 7 -1  -2
11 -1 218 -1 6 -1 3 -1 7 -1 148 -1  -2
6 -1 762 -1  -2
6 -1 83 -1 7 -1 85 -1 86 -1  -2
11 -1 6 -1 273 -1  -2
11 -1 6 -1 138 -1 148 -1  -2
218 -1 6 -1 3 -1  -2
218 -1 6 -1 2 -1  -2
218 -1 6 -1 7 -1  -2
11 -1 6 -1 278 -1  -2
11 -1 6 -1 281 -1  -2
269 -1 6 -1 148 -1  -2
11 -1 1 -1 438 -1  -2
6 -1 773 -1  -2
27 -1 28 -1 7 -1 32 -1  -2
6 -1 775 -1  -2
269 -1 11 -1 6 -1  -2
6 -1 777 -1  -2
11 -1 218 -1 6 -1 83 -1 148 -1  -2
11 -1 6 -1 290 -1  -2
269 -1 11 -1 1 -1  -2
11 -1 1 -1 446 -1  -2
27 -1 218 -1 6 -1 7 -1 148 -1  -2
69 -1 1 -1 6 -1  -2
218 -1 2 -1 148 -1  -2
218 -1 6 -1 136 -1 148 -1  -2
11 -1 6 -1 294 -1  -2
27 -1 6 -1 28 -1 32 -1  -2
6 -1 364 -1 148 -1  -2
11 -1 633 -1  -2
218 -1 6 -1 25 -1  -2
27 -1 138 -1  -2
218 -1 361 -1  -2
11 -1 77 -1 148 -1  -2
218 -1 364 -1  -2
11 -1 6 -1 303 -1  -2
11 -1 640 -1  -2
69 -1 11 -1 6 -1 148 -1  -2
1 -1 218 -1 6 -1 148 -1  -2
6 -1 303 -1 3 -1  -2
11 -1 83 -1 3 -1 7 -1  -2
11 -1 644 -1  -2
27 -1 148 -1  -2
11 -1 6 -1 7 -1 148 -1  -2
11 -1 6 -1 3 -1 278 -1  -2
3 -1 897 -1  -2
11 -1 6 -1 316 -1  -2
11 -1 6 -1 321 -1  -2
218 -1 135 -1 148 -1  -2
11 -1 6 -1 3 -1 316 -1  -2
69 -1 11 -1 218 -1 6 -1 148 -1  -2
218 -1 6 -1 56 -1  -2
218 -1 3 -1 148 -1  -2
218 -1 6 -1 55 -1  -2
218 -1 6 -1 135 -1 148 -1  -2
11 -1 662 -1  -2
11 -1 6 -1 273 -1 148 -1  -2
218 -1 40 -1 6 -1 148 -1  -2
218 -1 6 -1 3 -1 148 -1  -2
218 -1 6 -1 64 -1  -2
11 -1 667 -1  -2
11 -1 670 -1  -2
1 -1 218 -1 7 -1 148 -1  -2
11 -1 215 -1 3 -1  -2
6 -1 829 -1  -2
11 -1 83 -1 3 -1  -2
11 -1 215 -1 7 -1  -2
11 -1 3 -1 438 -1  -2
11 -1 83 -1 7 -1  -2
218 -1 6 -1 77 -1  -2
11 -1 686 -1  -2
11 -1 7 -1 321 -1  -2
11 -1 3 -1 446 -1  -2
218 -1 6 -1 83 -1  -2
218 -1 136 -1 148 -1  -2
6 -1 845 -1  -2
11 -1 1 -1 512 -1  -2
11 -1 6 -1 357 -1  -2
11 -1 6 -1 358 -1  -2
11 -1 6 -1 361 -1  -2
218 -1 6 -1 90 -1  -2
218 -1 6 -1 2 -1 148 -1  -2
11 -1 6 -1 364 -1  -2
11 -1 6 -1 7 -1 205 -1  -2
27 -1 205 -1  -2
314 -1 6 -1 3 -1  -2
364 -1 3 -1  -2
6 -1 897 -1 87 -1  -2
6 -1 866 -1  -2
27 -1 215 -1  -2
218 -1 438 -1  -2
11 -1 6 -1 378 -1  -2
11 -1 6 -1 278 -1 7 -1  -2
11 -1 6 -1 379 -1  -2
27 -1 218 -1  -2
218 -1 446 -1  -2
987 -1 218 -1 6 -1  -2
11 -1 27 -1 1 -1 6 -1 7 -1  -2
6 -1 504 -1 3 -1  -2
11 -1 27 -1 1 -1 6 -1 3 -1  -2
11 -1 737 -1  -2
11 -1 27 -1 218 -1 148 -1  -2
218 -1 6 -1 136 -1  -2
218 -1 6 -1 135 -1  -2
218 -1 6 -1 3 -1 64 -1  -2
6 -1 897 -1  -2
218 -1 6 -1 138 -1  -2
6 -1 901 -1  -2
338 -1 339 -1  -2
1 -1 6 -1 7 -1 205 -1  -2
27 -1 218 -1 6 -1 3 -1 148 -1  -2
6 -1 21 -1 148 -1  -2
11 -1 218 -1 6 -1 361 -1  -2
11 -1 6 -1 1956 -1  -2
11 -1 6 -1 512 -1 3 -1  -2
11 -1 27 -1 7 -1 85 -1  -2
1 -1 46 -1  -2
11 -1 83 -1 87 -1  -2
1 -1 6 -1 25 -1 148 -1  -2
6 -1 205 -1 87 -1  -2
151 -1 6 -1  -2
11 -1 27 -1 6 -1 86 -1  -2
11 -1 27 -1 6 -1 85 -1  -2
11 -1 6 -1 434 -1  -2
11 -1 27 -1 6 -1 90 -1  -2
11 -1 230 -1 148 -1  -2
27 -1 6 -1 1956 -1  -2
11 -1 27 -1 218 -1 6 -1 3 -1  -2
11 -1 1 -1 6 -1 504 -1  -2
83 -1 77 -1  -2
11 -1 775 -1  -2
27 -1 83 -1 86 -1  -2
27 -1 83 -1 87 -1  -2
11 -1 6 -1 3 -1 7 -1 205 -1  -2
11 -1 1 -1 87 -1  -2
6 -1 55 -1 148 -1  -2
6 -1 138 -1 136 -1  -2
11 -1 27 -1 6 -1 138 -1  -2
11 -1 1810 -1  -2
11 -1 6 -1 452 -1  -2
11 -1 6 -1 265 -1 7 -1  -2
27 -1 6 -1 438 -1  -2
11 -1 6 -1 455 -1  -2
11 -1 4 -1 7 -1  -2
11 -1 218 -1 361 -1 148 -1  -2
230 -1 148 -1  -2
1 -1 83 -1 3 -1  -2
11 -1 27 -1 6 -1 3 -1 87 -1  -2
11 -1 3 -1 49 -1  -2
3 -1 28 -1  -2
11 -1 987 -1 1 -1 218 -1 148 -1  -2
268 -1 6 -1  -2
218 -1 21 -1  -2
338 -1 339 -1 6 -1  -2
1 -1 6 -1 361 -1  -2
6 -1 970 -1  -2
6 -1 7 -1 135 -1  -2
11 -1 215 -1 148 -1  -2
11 -1 218 -1 55 -1  -2
11 -1 306 -1  -2
11 -1 218 -1 230 -1 148 -1  -2
339 -1 11 -1 6 -1  -2
2 -1 77 -1  -2
6 -1 205 -1 148 -1  -2
11 -1 83 -1 7 -1 87 -1  -2
324 -1 338 -1  -2
7 -1 438 -1  -2
324 -1 339 -1  -2
11 -1 1 -1 6 -1 49 -1  -2
11 -1 218 -1 6 -1 361 -1 148 -1  -2
11 -1 829 -1  -2
27 -1 83 -1 7 -1 86 -1  -2
218 -1 46 -1  -2
7 -1 446 -1  -2
6 -1 90 -1 142 -1  -2
314 -1 148 -1  -2
40 -1 659 -1 6 -1  -2
27 -1 6 -1 83 -1 3 -1 7 -1  -2
11 -1 6 -1 1019 -1  -2
1 -1 2 -1 3 -1  -2
269 -1 11 -1 218 -1 6 -1 148 -1  -2
314 -1 6 -1 148 -1  -2
135 -1 77 -1  -2
27 -1 6 -1 83 -1 87 -1  -2
11 -1 3 -1 7 -1 205 -1  -2
6 -1 499 -1  -2
218 -1 6 -1 762 -1  -2
11 -1 1 -1 6 -1 83 -1 7 -1  -2
4 -1 55 -1  -2
11 -1 6 -1 83 -1 7 -1 87 -1  -2
11 -1 6 -1 361 -1 148 -1  -2
11 -1 27 -1 6 -1 3 -1 7 -1 87 -1  -2
27 -1 6 -1 83 -1 86 -1  -2
218 -1 6 -1 259 -1  -2
11 -1 354 -1  -2
6 -1 1536 -1  -2
11 -1 1 -1 6 -1 87 -1  -2
11 -1 987 -1 1 -1 218 -1 6 -1 148 -1  -2
11 -1 218 -1 6 -1 504 -1 148 -1  -2
11 -1 1 -1 218 -1 6 -1 25 -1 148 -1  -2
254 -1 3 -1  -2
338 -1 11 -1 6 -1  -2
11 -1 1 -1 303 -1 148 -1  -2
11 -1 6 -1 555 -1  -2
11 -1 71 -1 77 -1  -2
218 -1 1644 -1  -2
11 -1 6 -1 83 -1 87 -1  -2
11 -1 6 -1 230 -1 148 -1  -2
83 -1 205 -1  -2
11 -1 218 -1 3 -1 64 -1  -2
27 -1 6 -1 83 -1 85 -1 86 -1  -2
11 -1 897 -1 87 -1  -2
11 -1 397 -1  -2
6 -1 41 -1  -2
6 -1 303 -1 273 -1  -2
218 -1 259 -1 148 -1  -2
27 -1 1956 -1  -2
11 -1 1 -1 737 -1  -2
11 -1 6 -1 582 -1  -2
11 -1 6 -1 215 -1 148 -1  -2
4 -1 27 -1 6 -1  -2
6 -1 378 -1 3 -1  -2
11 -1 1 -1 229 -1  -2
4 -1 6 -1 148 -1  -2
27 -1 897 -1 87 -1  -2
11 -1 1 -1 747 -1  -2
11 -1 25 -1 3 -1  -2
6 -1 573 -1  -2
11 -1 6 -1 3 -1 49 -1  -2
11 -1 1956 -1  -2
338 -1 11 -1  -2
11 -1 6 -1 598 -1  -2
27 -1 438 -1  -2
11 -1 27 -1 6 -1 7 -1 85 -1  -2
6 -1 77 -1 136 -1  -2
1 -1 230 -1  -2
6 -1 1101 -1  -2
11 -1 434 -1  -2
91 -1 3 -1  -2
27 -1 218 -1 3 -1 148 -1  -2
46 -1 379 -1  -2
27 -1 6 -1 90 -1  -2
11 -1 40 -1 77 -1  -2
4 -1 148 -1  -2
11 -1 27 -1 1 -1 6 -1 3 -1 7 -1  -2
339 -1 6 -1  -2
27 -1 1 -1 6 -1 205 -1  -2
6 -1 259 -1 148 -1  -2
11 -1 40 -1 6 -1 77 -1  -2
339 -1 11 -1  -2
11 -1 6 -1 1141 -1  -2
27 -1 7 -1 897 -1 87 -1  -2
11 -1 452 -1  -2
27 -1 934 -1 7 -1  -2
11 -1 6 -1 1144 -1  -2
11 -1 455 -1  -2
11 -1 218 -1 205 -1  -2
21 -1 148 -1  -2
27 -1 7 -1 77 -1  -2
11 -1 1 -1 6 -1 737 -1  -2
11 -1 1 -1 25 -1 148 -1  -2
324 -1 338 -1 339 -1  -2
1 -1 259 -1  -2
11 -1 27 -1 6 -1 7 -1 49 -1  -2
11 -1 1 -1 6 -1 229 -1  -2
11 -1 1 -1 218 -1 6 -1 25 -1  -2
6 -1 1131 -1  -2
11 -1 218 -1 215 -1  -2
6 -1 3 -1 423 -1  -2
11 -1 1 -1 6 -1 3 -1 77 -1  -2
205 -1 87 -1  -2
218 -1 6 -1 379 -1  -2
1 -1 6 -1 21 -1  -2
11 -1 1 -1 6 -1 747 -1  -2
11 -1 27 -1 2 -1  -2
6 -1 631 -1  -2
11 -1 218 -1 6 -1 148 -1 446 -1  -2
11 -1 1 -1 218 -1 6 -1 77 -1 148 -1  -2
11 -1 218 -1 230 -1  -2
11 -1 987 -1 6 -1 3 -1 148 -1  -2
11 -1 993 -1  -2
1 -1 218 -1 6 -1 303 -1 148 -1  -2
11 -1 218 -1 6 -1 55 -1  -2
11 -1 27 -1 6 -1 3 -1 148 -1  -2
138 -1 136 -1  -2
11 -1 1 -1 218 -1 303 -1  -2
1 -1 218 -1 6 -1 25 -1 148 -1  -2
11 -1 6 -1 897 -1 87 -1  -2
11 -1 1 -1 314 -1  -2
27 -1 6 -1 83 -1 7 -1 86 -1  -2
11 -1 1 -1 6 -1 303 -1 148 -1  -2
324 -1 338 -1 339 -1 6 -1  -2
218 -1 361 -1 148 -1  -2
324 -1 11 -1  -2
218 -1 737 -1  -2
1 -1 6 -1 46 -1  -2
11 -1 27 -1 1 -1 3 -1 7 -1  -2
1 -1 90 -1 3 -1  -2
11 -1 6 -1 678 -1  -2
987 -1 1 -1 218 -1 6 -1 148 -1  -2
1 -1 218 -1 135 -1  -2
11 -1 1019 -1  -2
11 -1 6 -1 71 -1 77 -1  -2
269 -1 11 -1 218 -1 148 -1  -2
27 -1 6 -1 897 -1 87 -1  -2
11 -1 314 -1 6 -1 3 -1  -2
7 -1 135 -1  -2
218 -1 762 -1  -2
6 -1 644 -1 64 -1  -2
218 -1 230 -1 148 -1  -2
205 -1 148 -1  -2
27 -1 6 -1 7 -1 77 -1  -2
6 -1 687 -1  -2
218 -1 259 -1  -2
218 -1 6 -1 230 -1 148 -1  -2
40 -1 659 -1  -2
11 -1 1 -1 218 -1 25 -1 148 -1  -2
27 -1 3 -1 278 -1  -2
90 -1 142 -1  -2
11 -1 6 -1 25 -1 3 -1  -2
27 -1 6 -1 934 -1 7 -1  -2
6 -1 83 -1 77 -1  -2
11 -1 6 -1 220 -1  -2
11 -1 555 -1  -2
6 -1 3 -1 64 -1 148 -1  -2
11 -1 1 -1 379 -1  -2
11 -1 27 -1 85 -1  -2
11 -1 27 -1 86 -1  -2
1 -1 361 -1  -2
11 -1 27 -1 90 -1  -2
11 -1 27 -1 218 -1 3 -1  -2
40 -1 6 -1 7 -1  -2
218 -1 6 -1 361 -1 148 -1  -2
11 -1 6 -1 232 -1  -2
6 -1 3 -1 14 -1  -2
3 -1 278 -1 7 -1  -2
6 -1 230 -1 148 -1  -2
218 -1 215 -1 148 -1  -2
145 -1 6 -1  -2
11 -1 582 -1  -2
27 -1 90 -1  -2
218 -1 3 -1 77 -1  -2
11 -1 218 -1 6 -1 205 -1  -2
6 -1 3 -1 32 -1  -2
27 -1 1956 -1 205 -1  -2
6 -1 1770 -1  -2
1 -1 303 -1 148 -1  -2
269 -1 11 -1 6 -1 148 -1  -2
27 -1 83 -1 3 -1 7 -1  -2
27 -1 6 -1 3 -1 7 -1 205 -1  -2
1 -1 138 -1 148 -1  -2
11 -1 6 -1 775 -1  -2
11 -1 598 -1  -2
1 -1 218 -1 303 -1 148 -1  -2
1 -1 218 -1 6 -1 138 -1  -2
11 -1 1 -1 423 -1  -2
11 -1 1 -1 314 -1 6 -1  -2
6 -1 7 -1 438 -1  -2
11 -1 6 -1 1810 -1  -2
11 -1 1 -1 83 -1 7 -1  -2
11 -1 27 -1 138 -1  -2
11 -1 218 -1 361 -1  -2
361 -1 3 -1  -2
6 -1 7 -1 446 -1  -2
6 -1 772 -1  -2
11 -1 218 -1 6 -1 3 -1 64 -1  -2
269 -1 11 -1 3 -1  -2
27 -1 64 -1 7 -1  -2
303 -1 273 -1  -2
11 -1 987 -1 3 -1 148 -1  -2
1 -1 218 -1 254 -1  -2
6 -1 266 -1  -2
11 -1 218 -1 6 -1 230 -1  -2
11 -1 3 -1 897 -1  -2
3 -1 77 -1 148 -1  -2
378 -1 3 -1  -2
6 -1 1808 -1  -2
11 -1 1141 -1  -2
11 -1 987 -1 1 -1 218 -1  -2
218 -1 6 -1 21 -1  -2
11 -1 218 -1 148 -1 446 -1  -2
11 -1 987 -1 1 -1 218 -1 6 -1  -2
11 -1 632 -1  -2
218 -1 3 -1 64 -1 148 -1  -2
324 -1 338 -1 6 -1  -2
11 -1 6 -1 306 -1  -2
11 -1 218 -1 6 -1 215 -1  -2
1 -1 6 -1 7 -1 87 -1  -2
27 -1 3 -1 897 -1  -2
11 -1 1 -1 218 -1 77 -1 148 -1  -2
11 -1 218 -1 504 -1 148 -1  -2
77 -1 136 -1  -2
11 -1 1 -1 6 -1 379 -1  -2
11 -1 1 -1 218 -1 6 -1 303 -1  -2
11 -1 6 -1 829 -1  -2
27 -1 83 -1 85 -1 86 -1  -2
218 -1 379 -1  -2
218 -1 6 -1 46 -1  -2
6 -1 296 -1  -2
1 -1 6 -1 303 -1 148 -1  -2
11 -1 6 -1 294 -1 3 -1  -2
11 -1 1 -1 6 -1 423 -1  -2
6 -1 155 -1 3 -1  -2
11 -1 512 -1 3 -1  -2
27 -1 1 -1 218 -1 7 -1  -2
259 -1 148 -1  -2
27 -1 6 -1 83 -1 7 -1 85 -1 86 -1  -2
11 -1 314 -1 3 -1  -2
324 -1 339 -1 6 -1  -2
11 -1 27 -1 3 -1 87 -1  -2
11 -1 218 -1 6 -1 230 -1 148 -1  -2
27 -1 83 -1 7 -1 85 -1 86 -1  -2
1 -1 25 -1 148 -1  -2
11 -1 678 -1  -2
1 -1 6 -1 138 -1 148 -1  -2
11 -1 27 -1 6 -1 2 -1  -2
6 -1 83 -1 205 -1  -2
1 -1 6 -1 230 -1  -2
11 -1 1 -1 504 -1  -2
1 -1 218 -1 25 -1 148 -1  -2
1 -1 6 -1 747 -1  -2
11 -1 1 -1 218 -1 25 -1  -2
1 -1 7 -1 205 -1  -2
11 -1 6 -1 354 -1  -2
11 -1 265 -1 7 -1  -2
7 -1 205 -1 87 -1  -2
269 -1 11 -1 6 -1 3 -1  -2
7 -1 316 -1  -2
218 -1 6 -1 1644 -1  -2
6 -1 870 -1  -2
218 -1 6 -1 3 -1 77 -1  -2
11 -1 27 -1 7 -1 49 -1  -2
11 -1 6 -1 3 -1 897 -1  -2
987 -1 218 -1 3 -1  -2
1 -1 14 -1  -2
11 -1 6 -1 397 -1  -2
11 -1 27 -1 3 -1 148 -1  -2
11 -1 220 -1  -2
6 -1 46 -1 379 -1  -2
1 -1 21 -1  -2
11 -1 361 -1 148 -1  -2
3 -1 64 -1 148 -1  -2
11 -1 1 -1 49 -1  -2
11 -1 1 -1 6 -1 25 -1 148 -1  -2
218 -1 6 -1 215 -1 148 -1  -2
324 -1 11 -1 6 -1  -2
11 -1 232 -1  -2
11 -1 27 -1 3 -1 7 -1 87 -1  -2

