512 -2
1 -2
897 -2
2 -2
3 -2
4 -2
6 -2
7 -2
135 -2
136 -2
138 -2
11 -2
269 -2
14 -2
273 -2
148 -2
278 -2
25 -2
27 -2
155 -2
667 -2
28 -2
32 -2
294 -2
423 -2
40 -2
303 -2
49 -2
438 -2
55 -2
56 -2
314 -2
316 -2
446 -2
64 -2
69 -2
73 -2
77 -2
205 -2
83 -2
87 -2
215 -2
90 -2
218 -2
91 -2
987 -2
737 -2
229 -2
361 -2
490 -2
364 -2
504 -2
378 -2
254 -2

2 -1 3 -1  -2
218 -1 6 -1 148 -1  -2
11 -1 1 -1 6 -1 3 -1  -2
11 -1 1 -1 64 -1  -2
11 -1 1 -1 6 -1 7 -1  -2
11 -1 3 -1 7 -1  -2
11 -1 27 -1 6 -1 87 -1  -2
27 -1 1 -1 6 -1 7 -1  -2
11 -1 218 -1 3 -1  -2
64 -1 148 -1  -2
6 -1 7 -1 87 -1  -2
11 -1 1 -1 77 -1  -2
11 -1 218 -1 6 -1  -2
1 -1 55 -1  -2
11 -1 218 -1 7 -1  -2
11 -1 6 -1 438 -1  -2
7 -1 897 -1  -2
27 -1 278 -1  -2
27 -1 3 -1 7 -1  -2
69 -1 3 -1  -2
1 -1 64 -1  -2
987 -1 218 -1  -2
4 -1 6 -1 3 -1  -2
6 -1 423 -1  -2
69 -1 6 -1  -2
11 -1 6 -1 446 -1  -2
11 -1 1 -1 90 -1  -2
11 -1 6 -1 83 -1 7 -1  -2
3 -1 7 -1  -2
218 -1 7 -1 148 -1  -2
27 -1 218 -1 6 -1  -2
11 -1 273 -1  -2
69 -1 11 -1  -2
11 -1 4 -1 3 -1  -2
218 -1 3 -1  -2
218 -1 6 -1 7 -1 148 -1  -2
11 -1 278 -1  -2
11 -1 4 -1 6 -1  -2
11 -1 27 -1 6 -1 148 -1  -2
1 -1 77 -1  -2
218 -1 6 -1  -2
218 -1 7 -1  -2
6 -1 438 -1  -2
11 -1 27 -1 7 -1 87 -1  -2
1 -1 83 -1  -2
6 -1 446 -1  -2
1 -1 90 -1  -2
27 -1 6 -1 83 -1 7 -1  -2
11 -1 294 -1  -2
4 -1 1 -1  -2
11 -1 6 -1 83 -1 3 -1  -2
4 -1 3 -1  -2
11 -1 1 -1 218 -1 148 -1  -2
11 -1 1 -1 6 -1 64 -1  -2
4 -1 6 -1  -2
11 -1 303 -1  -2
11 -1 27 -1 6 -1 3 -1 7 -1  -2
11 -1 3 -1 64 -1  -2
11 -1 1 -1 6 -1 77 -1  -2
11 -1 314 -1  -2
11 -1 218 -1 64 -1  -2
11 -1 316 -1  -2
6 -1 7 -1 148 -1  -2
11 -1 3 -1 77 -1  -2
11 -1 55 -1 3 -1  -2
269 -1 6 -1  -2
1 -1 218 -1 6 -1 3 -1 148 -1  -2
11 -1 1 -1 3 -1 148 -1  -2
11 -1 1 -1 148 -1  -2
3 -1 64 -1  -2
269 -1 11 -1  -2
11 -1 6 -1 512 -1  -2
11 -1 6 -1 2 -1  -2
218 -1 64 -1  -2
11 -1 6 -1 3 -1  -2
1 -1 138 -1  -2
27 -1 6 -1 3 -1 7 -1  -2
3 -1 77 -1  -2
11 -1 6 -1 7 -1  -2
11 -1 27 -1 6 -1 205 -1  -2
55 -1 3 -1  -2
6 -1 504 -1  -2
1 -1 148 -1  -2
218 -1 77 -1  -2
27 -1 6 -1 3 -1  -2
138 -1 3 -1  -2
6 -1 512 -1  -2
27 -1 6 -1 7 -1  -2
6 -1 2 -1  -2
11 -1 6 -1 25 -1  -2
6 -1 3 -1  -2
218 -1 90 -1  -2
6 -1 7 -1  -2
11 -1 364 -1  -2
1 -1 3 -1 7 -1  -2
27 -1 897 -1  -2
11 -1 40 -1 6 -1  -2
6 -1 14 -1  -2
1 -1 218 -1 3 -1  -2
6 -1 7 -1 205 -1  -2
1 -1 218 -1 6 -1  -2
11 -1 6 -1 3 -1 7 -1  -2
6 -1 25 -1  -2
11 -1 6 -1 49 -1  -2
6 -1 278 -1 7 -1  -2
11 -1 897 -1  -2
6 -1 32 -1  -2
11 -1 3 -1 148 -1  -2
11 -1 6 -1 55 -1  -2
40 -1 3 -1  -2
11 -1 6 -1 56 -1  -2
40 -1 6 -1  -2
11 -1 1 -1 218 -1  -2
11 -1 6 -1 64 -1  -2
11 -1 218 -1 148 -1  -2
3 -1 136 -1  -2
11 -1 218 -1 6 -1 7 -1  -2
11 -1 6 -1 3 -1 64 -1  -2
6 -1 49 -1  -2
11 -1 218 -1 6 -1 7 -1 148 -1  -2
11 -1 6 -1 77 -1  -2
3 -1 148 -1  -2
6 -1 55 -1  -2
6 -1 56 -1  -2
27 -1 218 -1 148 -1  -2
11 -1 1 -1 6 -1 148 -1  -2
11 -1 6 -1 83 -1  -2
11 -1 27 -1 6 -1 7 -1 87 -1  -2
1 -1 218 -1  -2
6 -1 64 -1  -2
218 -1 148 -1  -2
11 -1 6 -1 87 -1  -2
11 -1 218 -1 6 -1 3 -1  -2
11 -1 6 -1 90 -1  -2
69 -1 11 -1 6 -1  -2
6 -1 73 -1  -2
987 -1 6 -1 148 -1  -2
27 -1 6 -1 83 -1  -2
6 -1 77 -1  -2
27 -1 6 -1 87 -1  -2
11 -1 438 -1  -2
6 -1 77 -1 148 -1  -2
6 -1 83 -1  -2
6 -1 87 -1  -2
11 -1 446 -1  -2
6 -1 90 -1  -2
11 -1 6 -1 3 -1 77 -1  -2
11 -1 7 -1 87 -1  -2
1 -1 6 -1 3 -1  -2
1 -1 6 -1 7 -1  -2
1 -1 218 -1 6 -1 3 -1  -2
27 -1 7 -1 87 -1  -2
11 -1 6 -1 135 -1  -2
11 -1 6 -1 136 -1  -2
11 -1 6 -1 138 -1  -2
11 -1 27 -1 1 -1  -2
7 -1 87 -1  -2
11 -1 987 -1  -2
11 -1 27 -1 3 -1  -2
11 -1 1 -1 218 -1 6 -1 3 -1  -2
6 -1 83 -1 3 -1  -2
11 -1 27 -1 6 -1  -2
11 -1 27 -1 7 -1  -2
11 -1 218 -1 3 -1 148 -1  -2
11 -1 6 -1 148 -1  -2
6 -1 83 -1 7 -1  -2
11 -1 218 -1 6 -1 64 -1  -2
6 -1 135 -1  -2
6 -1 136 -1  -2
11 -1 27 -1 1 -1 7 -1  -2
6 -1 138 -1  -2
11 -1 27 -1 1 -1 6 -1  -2
27 -1 1 -1  -2
27 -1 6 -1 148 -1  -2
27 -1 3 -1  -2
27 -1 6 -1  -2
27 -1 7 -1  -2
218 -1 64 -1 148 -1  -2
6 -1 148 -1  -2
1 -1 3 -1 148 -1  -2
6 -1 155 -1  -2
11 -1 512 -1  -2
11 -1 1 -1  -2
11 -1 7 -1 148 -1  -2
11 -1 2 -1  -2
11 -1 3 -1  -2
11 -1 4 -1  -2
490 -1 3 -1  -2
1 -1 6 -1 64 -1  -2
1 -1 218 -1 148 -1  -2
11 -1 6 -1  -2
11 -1 7 -1  -2
490 -1 6 -1  -2
11 -1 6 -1 3 -1 148 -1  -2
6 -1 2 -1 3 -1  -2
27 -1 6 -1 7 -1 87 -1  -2
1 -1 6 -1 77 -1  -2
11 -1 218 -1 6 -1 148 -1  -2
1 -1 6 -1 83 -1  -2
7 -1 148 -1  -2
11 -1 25 -1  -2
11 -1 27 -1  -2
11 -1 6 -1 205 -1  -2
27 -1 218 -1 6 -1 148 -1  -2
1 -1 6 -1 90 -1  -2
11 -1 218 -1 6 -1 3 -1 148 -1  -2
11 -1 987 -1 6 -1  -2
27 -1 49 -1  -2
6 -1 64 -1 148 -1  -2
1 -1 218 -1 3 -1 148 -1  -2
11 -1 6 -1 215 -1  -2
11 -1 40 -1  -2
6 -1 7 -1 897 -1  -2
27 -1 6 -1 205 -1  -2
11 -1 27 -1 83 -1  -2
11 -1 4 -1 6 -1 3 -1  -2
11 -1 6 -1 737 -1  -2
11 -1 27 -1 87 -1  -2
11 -1 27 -1 3 -1 7 -1  -2
11 -1 49 -1  -2
6 -1 205 -1  -2
6 -1 3 -1 7 -1  -2
11 -1 218 -1 7 -1 148 -1  -2
987 -1 6 -1  -2
11 -1 55 -1  -2
11 -1 56 -1  -2
11 -1 27 -1 218 -1 6 -1  -2
11 -1 1 -1 6 -1 3 -1 148 -1  -2
11 -1 7 -1 205 -1  -2
6 -1 215 -1  -2
11 -1 64 -1  -2
27 -1 83 -1  -2
1 -1 6 -1 3 -1 148 -1  -2
3 -1 316 -1  -2
6 -1 737 -1  -2
27 -1 87 -1  -2
294 -1 3 -1  -2
11 -1 6 -1 7 -1 87 -1  -2
27 -1 7 -1 205 -1  -2
11 -1 1 -1 218 -1 6 -1 148 -1  -2
11 -1 77 -1  -2
1 -1 6 -1 138 -1  -2
7 -1 205 -1  -2
11 -1 83 -1  -2
11 -1 87 -1  -2
1 -1 6 -1 148 -1  -2
11 -1 90 -1  -2
278 -1 7 -1  -2
11 -1 6 -1 273 -1  -2
218 -1 6 -1 3 -1  -2
6 -1 254 -1  -2
218 -1 6 -1 7 -1  -2
11 -1 6 -1 278 -1  -2
6 -1 3 -1 64 -1  -2
11 -1 27 -1 148 -1  -2
269 -1 11 -1 6 -1  -2
27 -1 6 -1 278 -1  -2
6 -1 273 -1  -2
6 -1 3 -1 77 -1  -2
6 -1 278 -1  -2
6 -1 55 -1 3 -1  -2
11 -1 6 -1 303 -1  -2
1 -1 218 -1 6 -1 148 -1  -2
27 -1 148 -1  -2
11 -1 6 -1 7 -1 148 -1  -2
11 -1 135 -1  -2
11 -1 136 -1  -2
6 -1 138 -1 3 -1  -2
11 -1 138 -1  -2
11 -1 6 -1 316 -1  -2
6 -1 294 -1  -2
11 -1 27 -1 6 -1 7 -1  -2
77 -1 148 -1  -2
27 -1 6 -1 7 -1 205 -1  -2
218 -1 3 -1 148 -1  -2
6 -1 303 -1  -2
11 -1 148 -1  -2
218 -1 6 -1 3 -1 148 -1  -2
218 -1 6 -1 64 -1  -2
11 -1 314 -1 6 -1  -2
6 -1 316 -1  -2
11 -1 83 -1 3 -1  -2
11 -1 27 -1 205 -1  -2
11 -1 27 -1 6 -1 3 -1  -2
11 -1 83 -1 7 -1  -2
11 -1 987 -1 148 -1  -2
218 -1 6 -1 77 -1  -2
11 -1 27 -1 218 -1  -2
11 -1 1 -1 3 -1  -2
314 -1 6 -1  -2
27 -1 83 -1 7 -1  -2
218 -1 6 -1 90 -1  -2
11 -1 1 -1 6 -1  -2
11 -1 1 -1 7 -1  -2
11 -1 1 -1 218 -1 6 -1  -2
11 -1 6 -1 364 -1  -2
83 -1 3 -1  -2
11 -1 6 -1 7 -1 205 -1  -2
27 -1 205 -1  -2
11 -1 1 -1 218 -1 3 -1  -2
83 -1 7 -1  -2
6 -1 3 -1 148 -1  -2
987 -1 148 -1  -2
3 -1 446 -1  -2
11 -1 987 -1 6 -1 148 -1  -2
27 -1 1 -1 6 -1  -2
27 -1 218 -1  -2
27 -1 1 -1 7 -1  -2
1 -1 2 -1  -2
1 -1 3 -1  -2
11 -1 205 -1  -2
11 -1 6 -1 897 -1  -2
1 -1 6 -1  -2
1 -1 7 -1  -2
6 -1 364 -1  -2
987 -1 218 -1 6 -1  -2
11 -1 215 -1  -2
11 -1 27 -1 1 -1 6 -1 7 -1  -2
11 -1 27 -1 6 -1 83 -1  -2
11 -1 218 -1  -2
6 -1 378 -1  -2
11 -1 737 -1  -2
6 -1 897 -1  -2
11 -1 7 -1 897 -1  -2
11 -1 27 -1 7 -1 205 -1  -2
11 -1 6 -1 90 -1 148 -1  -2
11 -1 1 -1 218 -1 3 -1 148 -1  -2
11 -1 27 -1 6 -1 7 -1 205 -1  -2
1 -1 40 -1  -2
4 -1 1 -1 6 -1  -2
11 -1 1 -1 6 -1 138 -1  -2
11 -1 27 -1 218 -1 6 -1 148 -1  -2
11 -1 6 -1 294 -1  -2
11 -1 6 -1 423 -1  -2
11 -1 504 -1  -2
1 -1 303 -1  -2
11 -1 6 -1 77 -1 148 -1  -2
11 -1 77 -1 148 -1  -2
11 -1 218 -1 6 -1 90 -1  -2
11 -1 254 -1  -2
27 -1 7 -1 897 -1  -2
6 -1 667 -1  -2
218 -1 6 -1 90 -1 148 -1  -2
6 -1 28 -1  -2
1 -1 316 -1  -2
69 -1 6 -1 3 -1  -2
218 -1 77 -1 148 -1  -2
11 -1 90 -1 148 -1  -2
27 -1 6 -1 49 -1  -2
218 -1 6 -1 77 -1 148 -1  -2
27 -1 218 -1 7 -1  -2
90 -1 3 -1  -2
28 -1 7 -1  -2
218 -1 6 -1 64 -1 148 -1  -2
218 -1 90 -1 148 -1  -2
11 -1 155 -1  -2
218 -1 138 -1  -2
7 -1 32 -1  -2
90 -1 148 -1  -2
11 -1 423 -1  -2
1 -1 6 -1 3 -1 7 -1  -2
28 -1 32 -1  -2
40 -1 6 -1 3 -1  -2
11 -1 6 -1 138 -1 3 -1  -2
6 -1 3 -1 136 -1  -2
215 -1 3 -1  -2
6 -1 90 -1 3 -1  -2
11 -1 6 -1 2 -1 3 -1  -2
11 -1 218 -1 64 -1 148 -1  -2
11 -1 1 -1 138 -1  -2
11 -1 218 -1 6 -1 64 -1 148 -1  -2
11 -1 6 -1 55 -1 3 -1  -2
11 -1 6 -1 504 -1  -2
11 -1 218 -1 77 -1  -2
6 -1 7 -1 32 -1  -2
6 -1 90 -1 148 -1  -2
6 -1 229 -1  -2
11 -1 218 -1 6 -1 77 -1  -2
1 -1 6 -1 136 -1  -2
11 -1 6 -1 254 -1  -2
11 -1 6 -1 64 -1 148 -1  -2
11 -1 138 -1 3 -1  -2
6 -1 361 -1  -2
11 -1 6 -1 7 -1 897 -1  -2
6 -1 747 -1  -2
1 -1 136 -1  -2
11 -1 1 -1 218 -1 6 -1 3 -1 148 -1  -2
11 -1 218 -1 90 -1  -2
3 -1 205 -1  -2
11 -1 2 -1 3 -1  -2
28 -1 7 -1 32 -1  -2
303 -1 3 -1  -2
27 -1 6 -1 897 -1  -2
6 -1 379 -1  -2
11 -1 1 -1 6 -1 90 -1  -2
11 -1 27 -1 218 -1 148 -1  -2
987 -1 218 -1 148 -1  -2
27 -1 6 -1 7 -1 897 -1  -2
6 -1 3 -1 316 -1  -2
11 -1 64 -1 148 -1  -2
11 -1 6 -1 155 -1  -2

