64 -2
1 -2
2 -2
3 -2
4 -2
6 -2
7 -2
11 -2
77 -2
148 -2
55 -2
218 -2
27 -2

6 -1 7 -1  -2
4 -1 6 -1  -2
218 -1 6 -1 148 -1  -2
27 -1 6 -1  -2
11 -1 1 -1 3 -1  -2
27 -1 7 -1  -2
6 -1 148 -1  -2
11 -1 1 -1 6 -1  -2
11 -1 218 -1 6 -1  -2
11 -1 1 -1  -2
11 -1 3 -1  -2
11 -1 6 -1  -2
11 -1 7 -1  -2
1 -1 6 -1 3 -1  -2
1 -1 3 -1  -2
11 -1 218 -1 148 -1  -2
1 -1 6 -1  -2
11 -1 6 -1 3 -1  -2
11 -1 218 -1 6 -1 148 -1  -2
11 -1 148 -1  -2
11 -1 6 -1 7 -1  -2
218 -1 6 -1  -2
11 -1 218 -1  -2
11 -1 27 -1  -2
11 -1 27 -1 6 -1  -2
11 -1 6 -1 148 -1  -2
6 -1 64 -1  -2
218 -1 148 -1  -2
6 -1 3 -1  -2
6 -1 55 -1  -2
3 -1 7 -1  -2
11 -1 1 -1 6 -1 3 -1  -2
6 -1 77 -1  -2
218 -1 3 -1  -2
27 -1 6 -1 7 -1  -2

