64 -2
1 -2
2 -2
3 -2
4 -2
69 -2
6 -2
7 -2
136 -2
138 -2
11 -2
77 -2
205 -2
83 -2
148 -2
278 -2
215 -2
90 -2
218 -2
27 -2
294 -2
40 -2
490 -2
303 -2
55 -2
316 -2
446 -2

6 -1 7 -1  -2
6 -1 136 -1  -2
218 -1 6 -1 148 -1  -2
6 -1 138 -1  -2
11 -1 1 -1 6 -1 3 -1  -2
27 -1 3 -1  -2
27 -1 6 -1  -2
1 -1 218 -1 6 -1  -2
27 -1 7 -1  -2
11 -1 3 -1 7 -1  -2
6 -1 148 -1  -2
11 -1 6 -1 3 -1 7 -1  -2
11 -1 218 -1 3 -1  -2
11 -1 218 -1 6 -1  -2
11 -1 1 -1  -2
11 -1 2 -1  -2
11 -1 3 -1  -2
1 -1 218 -1 6 -1 148 -1  -2
11 -1 4 -1  -2
1 -1 218 -1 148 -1  -2
11 -1 3 -1 148 -1  -2
11 -1 6 -1 55 -1  -2
11 -1 6 -1  -2
11 -1 7 -1  -2
11 -1 6 -1 3 -1 148 -1  -2
40 -1 6 -1  -2
11 -1 138 -1  -2
4 -1 6 -1 3 -1  -2
11 -1 27 -1 6 -1 7 -1  -2
69 -1 6 -1  -2
11 -1 1 -1 218 -1  -2
11 -1 6 -1 64 -1  -2
11 -1 218 -1 148 -1  -2
3 -1 7 -1  -2
11 -1 218 -1 6 -1 148 -1  -2
218 -1 3 -1 148 -1  -2
11 -1 148 -1  -2
218 -1 3 -1  -2
11 -1 4 -1 6 -1  -2
218 -1 6 -1  -2
218 -1 6 -1 3 -1 148 -1  -2
11 -1 27 -1  -2
11 -1 6 -1 77 -1  -2
3 -1 148 -1  -2
6 -1 55 -1  -2
11 -1 218 -1 6 -1 3 -1 148 -1  -2
11 -1 1 -1 6 -1 148 -1  -2
6 -1 316 -1  -2
11 -1 6 -1 83 -1  -2
1 -1 218 -1  -2
6 -1 64 -1  -2
218 -1 148 -1  -2
11 -1 218 -1 6 -1 3 -1  -2
4 -1 3 -1  -2
11 -1 1 -1 218 -1 148 -1  -2
4 -1 6 -1  -2
6 -1 77 -1  -2
6 -1 3 -1 7 -1  -2
11 -1 1 -1 3 -1  -2
11 -1 55 -1  -2
6 -1 83 -1  -2
11 -1 1 -1 6 -1  -2
11 -1 1 -1 218 -1 6 -1  -2
6 -1 90 -1  -2
11 -1 64 -1  -2
6 -1 3 -1 148 -1  -2
1 -1 6 -1 3 -1  -2
11 -1 1 -1 148 -1  -2
3 -1 64 -1  -2
1 -1 6 -1 7 -1  -2
11 -1 1 -1 218 -1 6 -1 148 -1  -2
1 -1 3 -1  -2
11 -1 77 -1  -2
1 -1 6 -1  -2
1 -1 7 -1  -2
11 -1 6 -1 3 -1  -2
11 -1 83 -1  -2
11 -1 6 -1 7 -1  -2
55 -1 3 -1  -2
1 -1 6 -1 148 -1  -2
11 -1 6 -1 138 -1  -2
11 -1 218 -1  -2
11 -1 27 -1 3 -1  -2
1 -1 148 -1  -2
11 -1 27 -1 6 -1  -2
218 -1 6 -1 3 -1  -2
11 -1 27 -1 7 -1  -2
11 -1 218 -1 3 -1 148 -1  -2
27 -1 6 -1 3 -1  -2
11 -1 6 -1 148 -1  -2
27 -1 6 -1 7 -1  -2
6 -1 2 -1  -2
6 -1 3 -1  -2
6 -1 294 -1  -2
2 -1 3 -1  -2
6 -1 135 -1  -2
6 -1 3 -1 64 -1  -2
11 -1 6 -1 2 -1  -2
27 -1 1 -1  -2
6 -1 205 -1  -2
6 -1 303 -1  -2
3 -1 77 -1  -2
11 -1 90 -1  -2
11 -1 1 -1 7 -1  -2
6 -1 438 -1  -2
6 -1 215 -1  -2
6 -1 446 -1  -2
11 -1 27 -1 6 -1 3 -1  -2
11 -1 40 -1  -2
11 -1 6 -1 90 -1  -2

