110 -1 117 -1 139 -1  -2
2 -1 26 -1 253 -1  -2
110 -1 117 -1 143 -1  -2
8 -1 9 -1 27 -1 143 -1  -2
139 -1 143 -1 144 -1  -2
110 -1 117 -1 144 -1  -2
17 -1 117 -1 143 -1 144 -1 253 -1  -2
9 -1 78 -1 117 -1  -2
17 -1 117 -1 143 -1 144 -1 245 -1  -2
11 -1 144 -1 253 -1  -2
1 -1 9 -1 144 -1 253 -1  -2
26 -1 79 -1 143 -1  -2
1 -1 10 -1 245 -1 253 -1  -2
8 -1 133 -1 143 -1 253 -1  -2
1 -1  -2
110 -1 118 -1 139 -1  -2
2 -1  -2
3 -1  -2
4 -1  -2
5 -1  -2
110 -1 118 -1 143 -1  -2
6 -1  -2
110 -1 118 -1 144 -1  -2
7 -1  -2
8 -1  -2
8 -1 9 -1 117 -1 118 -1 143 -1  -2
9 -1  -2
10 -1  -2
9 -1 78 -1 143 -1  -2
11 -1  -2
12 -1  -2
13 -1  -2
14 -1  -2
15 -1  -2
8 -1 110 -1 117 -1  -2
16 -1  -2
8 -1 110 -1 118 -1  -2
17 -1  -2
8 -1 35 -1 143 -1 245 -1  -2
18 -1  -2
8 -1 35 -1 143 -1 246 -1  -2
36 -1 143 -1 144 -1 245 -1  -2
19 -1  -2
20 -1  -2
21 -1  -2
143 -1 149 -1 253 -1  -2
22 -1  -2
17 -1 110 -1 139 -1 143 -1  -2
36 -1 144 -1 245 -1 253 -1  -2
23 -1  -2
24 -1  -2
25 -1  -2
8 -1 35 -1 143 -1 253 -1  -2
26 -1  -2
36 -1 143 -1 144 -1 253 -1  -2
27 -1  -2
28 -1  -2
29 -1  -2
30 -1  -2
31 -1  -2
32 -1  -2
33 -1  -2
34 -1  -2
35 -1  -2
36 -1  -2
8 -1 18 -1 143 -1 245 -1  -2
37 -1  -2
8 -1 110 -1 139 -1  -2
38 -1  -2
8 -1 36 -1 117 -1 143 -1  -2
8 -1 117 -1 245 -1 253 -1  -2
39 -1  -2
40 -1  -2
8 -1 26 -1 27 -1 253 -1  -2
8 -1 110 -1 143 -1  -2
9 -1 79 -1 143 -1  -2
42 -1  -2
1 -1 9 -1 17 -1 143 -1  -2
8 -1 110 -1 144 -1  -2
43 -1  -2
44 -1  -2
8 -1 18 -1 143 -1 253 -1  -2
45 -1  -2
8 -1 9 -1 26 -1 245 -1  -2
118 -1 132 -1 253 -1  -2
46 -1  -2
47 -1  -2
48 -1  -2
8 -1 9 -1 26 -1 246 -1  -2
49 -1  -2
50 -1  -2
8 -1 9 -1 117 -1 118 -1 253 -1  -2
51 -1  -2
52 -1  -2
53 -1  -2
54 -1  -2
55 -1  -2
56 -1  -2
8 -1 36 -1 245 -1 253 -1  -2
57 -1  -2
26 -1 78 -1 143 -1 253 -1  -2
58 -1  -2
59 -1  -2
8 -1 35 -1 144 -1 253 -1  -2
60 -1  -2
61 -1  -2
17 -1 110 -1 117 -1 143 -1 253 -1  -2
17 -1 26 -1 117 -1 143 -1 144 -1  -2
69 -1  -2
8 -1 36 -1 118 -1 143 -1  -2
70 -1  -2
8 -1 117 -1 246 -1 253 -1  -2
26 -1 78 -1 253 -1  -2
1 -1 27 -1 117 -1 253 -1  -2
78 -1  -2
79 -1  -2
110 -1 117 -1 245 -1  -2
10 -1 118 -1 143 -1 253 -1  -2
139 -1 143 -1 245 -1  -2
8 -1 9 -1 26 -1 253 -1  -2
8 -1 36 -1 246 -1 253 -1  -2
110 -1 117 -1 253 -1  -2
26 -1 27 -1 143 -1 144 -1  -2
139 -1 143 -1 253 -1  -2
26 -1 143 -1 245 -1 253 -1  -2
110 -1 139 -1 245 -1 253 -1  -2
26 -1 79 -1 253 -1  -2
17 -1 110 -1 139 -1 253 -1  -2
17 -1 110 -1 143 -1 144 -1  -2
8 -1 113 -1 117 -1  -2
110 -1  -2
110 -1 118 -1 245 -1  -2
113 -1  -2
114 -1  -2
117 -1  -2
8 -1 117 -1 118 -1 143 -1  -2
118 -1  -2
8 -1 9 -1 27 -1 253 -1  -2
139 -1 144 -1 253 -1  -2
36 -1 117 -1 118 -1 143 -1 253 -1  -2
110 -1 118 -1 253 -1  -2
9 -1 78 -1 253 -1  -2
41 -1 143 -1 253 -1  -2
9 -1 17 -1 143 -1 144 -1  -2
8 -1 1 -1 143 -1 253 -1  -2
8 -1 117 -1 118 -1 144 -1  -2
8 -1 113 -1 133 -1  -2
17 -1 110 -1 139 -1 245 -1  -2
26 -1 143 -1 246 -1 253 -1  -2
132 -1  -2
133 -1  -2
8 -1 113 -1 143 -1  -2
36 -1 110 -1 117 -1 143 -1  -2
17 -1 110 -1 117 -1 143 -1 245 -1  -2
17 -1 78 -1 79 -1 143 -1  -2
139 -1  -2
110 -1 117 -1 139 -1 144 -1  -2
110 -1 117 -1 139 -1 143 -1  -2
143 -1  -2
8 -1 110 -1 245 -1  -2
144 -1  -2
8 -1 36 -1 117 -1 245 -1  -2
8 -1 9 -1 28 -1 253 -1  -2
8 -1 9 -1 35 -1 36 -1  -2
149 -1  -2
17 -1 18 -1 143 -1 144 -1 253 -1  -2
150 -1  -2
8 -1 110 -1 253 -1  -2
9 -1 79 -1 253 -1  -2
118 -1 139 -1 144 -1  -2
1 -1 9 -1 17 -1 253 -1  -2
9 -1 132 -1 143 -1 253 -1  -2
26 -1 27 -1 143 -1 253 -1  -2
1 -1 22 -1 143 -1 253 -1  -2
8 -1 26 -1 35 -1 143 -1  -2
117 -1 118 -1 245 -1 253 -1  -2
26 -1 27 -1 143 -1 245 -1  -2
36 -1 110 -1 117 -1 253 -1  -2
36 -1 139 -1 143 -1 253 -1  -2
8 -1 36 -1 117 -1 253 -1  -2
8 -1 26 -1 35 -1 117 -1  -2
1 -1 9 -1 18 -1 253 -1  -2
8 -1 245 -1 246 -1 253 -1  -2
8 -1 9 -1 35 -1 117 -1  -2
9 -1 17 -1 143 -1 253 -1  -2
1 -1 17 -1 35 -1 253 -1  -2
8 -1 117 -1 118 -1 253 -1  -2
9 -1 35 -1 117 -1 143 -1  -2
117 -1 118 -1 246 -1 253 -1  -2
9 -1 35 -1 245 -1 253 -1  -2
8 -1 17 -1 26 -1 143 -1 253 -1  -2
26 -1 27 -1 144 -1 253 -1  -2
9 -1 17 -1 143 -1 245 -1  -2
8 -1 117 -1 118 -1 245 -1  -2
9 -1 18 -1 245 -1 253 -1  -2
8 -1 9 -1 36 -1 117 -1  -2
9 -1 17 -1 144 -1 253 -1  -2
8 -1 117 -1 118 -1  -2
8 -1 245 -1 246 -1  -2
11 -1 117 -1 143 -1 253 -1  -2
8 -1 245 -1 253 -1  -2
9 -1 35 -1 246 -1 253 -1  -2
8 -1 113 -1 253 -1  -2
17 -1 110 -1 143 -1 245 -1  -2
110 -1 117 -1 139 -1 245 -1  -2
245 -1  -2
246 -1  -2
247 -1  -2
8 -1 117 -1 133 -1  -2
17 -1 110 -1 143 -1 253 -1  -2
110 -1 117 -1 139 -1 253 -1  -2
2 -1 35 -1 253 -1  -2
253 -1  -2
8 -1 117 -1 139 -1  -2
110 -1 139 -1 143 -1 245 -1 253 -1  -2
118 -1 139 -1 245 -1  -2
8 -1 9 -1 35 -1 143 -1  -2
8 -1 117 -1 143 -1  -2
8 -1 117 -1 144 -1  -2
118 -1 139 -1 253 -1  -2
17 -1 26 -1 110 -1 117 -1  -2
110 -1 117 -1 143 -1 144 -1  -2
1 -1 35 -1 143 -1 144 -1  -2
8 -1 246 -1 253 -1  -2
1 -1 9 -1 117 -1 143 -1 253 -1  -2
118 -1 143 -1 144 -1  -2
8 -1 31 -1 143 -1 253 -1  -2
9 -1 18 -1 117 -1 143 -1  -2
22 -1 117 -1 143 -1 253 -1  -2
17 -1 78 -1 79 -1 253 -1  -2
8 -1 9 -1 36 -1 143 -1  -2
8 -1 118 -1 139 -1  -2
8 -1 118 -1 143 -1  -2
8 -1 118 -1 144 -1  -2
1 -1 35 -1 143 -1 245 -1 253 -1  -2
9 -1 36 -1 117 -1 143 -1 253 -1  -2
9 -1 117 -1 143 -1 246 -1 253 -1  -2
8 -1 78 -1 117 -1 143 -1 253 -1  -2
8 -1 26 -1 35 -1 245 -1  -2
17 -1 26 -1 110 -1 143 -1  -2
8 -1 9 -1 143 -1 245 -1 253 -1  -2
8 -1 26 -1 35 -1 253 -1  -2
9 -1 117 -1 143 -1 245 -1 253 -1  -2
1 -1 133 -1 143 -1 253 -1  -2
8 -1 9 -1 35 -1 245 -1  -2
8 -1 9 -1 35 -1 253 -1  -2
17 -1 117 -1 139 -1 143 -1 253 -1  -2
9 -1 35 -1 117 -1 253 -1  -2
18 -1 143 -1 144 -1 253 -1  -2
9 -1 17 -1 18 -1 143 -1  -2
8 -1 113 -1 117 -1 143 -1  -2
17 -1 117 -1 139 -1 143 -1 245 -1  -2
18 -1 143 -1 144 -1 245 -1  -2
8 -1 26 -1 36 -1 253 -1  -2
18 -1 144 -1 245 -1 253 -1  -2
9 -1 18 -1 117 -1 253 -1  -2
35 -1 78 -1 79 -1  -2
8 -1 35 -1 117 -1 118 -1 143 -1  -2
1 -1 35 -1 143 -1 245 -1  -2
8 -1 78 -1 143 -1 253 -1  -2
8 -1 117 -1 245 -1  -2
110 -1 117 -1  -2
8 -1 117 -1 246 -1  -2
110 -1 118 -1  -2
8 -1 9 -1 36 -1 253 -1  -2
8 -1 117 -1 253 -1  -2
110 -1 117 -1 143 -1 245 -1  -2
37 -1 143 -1 253 -1  -2
36 -1 118 -1 143 -1 144 -1  -2
110 -1 117 -1 143 -1 253 -1  -2
118 -1 143 -1 245 -1  -2
110 -1 139 -1  -2
1 -1 35 -1 143 -1 253 -1  -2
118 -1 143 -1 246 -1  -2
118 -1 143 -1 253 -1  -2
110 -1 143 -1  -2
8 -1 26 -1 118 -1 143 -1 253 -1  -2
110 -1 144 -1  -2
1 -1 36 -1 245 -1 253 -1  -2
8 -1 118 -1 245 -1  -2
8 -1 27 -1 143 -1 144 -1  -2
8 -1 118 -1 246 -1  -2
35 -1 78 -1 117 -1  -2
1 -1 117 -1 245 -1 253 -1  -2
17 -1 118 -1 143 -1 245 -1 253 -1  -2
8 -1 118 -1 253 -1  -2
17 -1 26 -1 110 -1 253 -1  -2
110 -1 118 -1 245 -1 253 -1  -2
1 -1 36 -1 117 -1 143 -1  -2
1 -1 26 -1 27 -1 253 -1  -2
8 -1 35 -1 36 -1 117 -1 143 -1  -2
110 -1 117 -1 144 -1 253 -1  -2
1 -1 18 -1 143 -1 245 -1  -2
8 -1 35 -1 117 -1 245 -1 253 -1  -2
118 -1 144 -1 245 -1  -2
20 -1 143 -1 245 -1  -2
8 -1 9 -1 143 -1 246 -1 253 -1  -2
1 -1 35 -1 144 -1 253 -1  -2
118 -1 144 -1 253 -1  -2
18 -1 110 -1 117 -1 143 -1  -2
20 -1 143 -1 253 -1  -2
26 -1 117 -1 143 -1 245 -1 253 -1  -2
8 -1 113 -1 117 -1 253 -1  -2
35 -1 78 -1 143 -1  -2
1 -1 9 -1 26 -1 253 -1  -2
8 -1 17 -1 35 -1 117 -1 143 -1 253 -1  -2
9 -1 17 -1 18 -1 253 -1  -2
1 -1 117 -1 246 -1 253 -1  -2
1 -1 18 -1 143 -1 253 -1  -2
8 -1 79 -1 117 -1 143 -1  -2
10 -1 17 -1 117 -1 143 -1  -2
26 -1 117 -1 139 -1 143 -1  -2
26 -1 117 -1 143 -1 246 -1 253 -1  -2
8 -1 143 -1 245 -1 253 -1  -2
17 -1 26 -1 117 -1 143 -1 245 -1  -2
35 -1 79 -1 143 -1  -2
113 -1 117 -1  -2
9 -1 26 -1 117 -1 245 -1 253 -1  -2
17 -1 26 -1 117 -1 143 -1 253 -1  -2
113 -1 133 -1  -2
17 -1 110 -1 117 -1  -2
17 -1 110 -1 118 -1  -2
1 -1 118 -1 139 -1 143 -1 253 -1  -2
26 -1 35 -1 36 -1 253 -1  -2
1 -1 117 -1 118 -1 143 -1  -2
113 -1 143 -1  -2
1 -1 117 -1 118 -1 144 -1  -2
36 -1 118 -1 143 -1 253 -1  -2
17 -1 26 -1 245 -1 253 -1  -2
1 -1 78 -1 117 -1  -2
110 -1 245 -1  -2
8 -1 27 -1 143 -1 245 -1  -2
110 -1 246 -1  -2
4 -1 245 -1 253 -1  -2
17 -1 110 -1 139 -1  -2
110 -1 253 -1  -2
17 -1 110 -1 143 -1  -2
17 -1 110 -1 144 -1  -2
8 -1 143 -1 246 -1 253 -1  -2
4 -1 117 -1 143 -1  -2
139 -1 143 -1 144 -1 253 -1  -2
17 -1 26 -1 117 -1 118 -1  -2
1 -1 78 -1 143 -1  -2
8 -1 79 -1 117 -1 253 -1  -2
10 -1 17 -1 117 -1 253 -1  -2
1 -1 36 -1 117 -1 253 -1  -2
26 -1 117 -1 143 -1 144 -1  -2
118 -1 143 -1 144 -1 245 -1 253 -1  -2
8 -1 27 -1 143 -1 253 -1  -2
35 -1 78 -1 253 -1  -2
17 -1 26 -1 117 -1 143 -1  -2
17 -1 26 -1 117 -1 144 -1  -2
26 -1 117 -1 139 -1 253 -1  -2
36 -1 118 -1 143 -1 245 -1  -2
1 -1 17 -1 117 -1 143 -1 253 -1  -2
8 -1 10 -1 143 -1 253 -1  -2
1 -1 79 -1 143 -1  -2
9 -1 26 -1 143 -1 144 -1  -2
1 -1 117 -1 118 -1 245 -1  -2
28 -1 35 -1 143 -1  -2
8 -1 117 -1 133 -1 143 -1  -2
1 -1 117 -1 118 -1 253 -1  -2
9 -1 17 -1 26 -1 143 -1  -2
1 -1 245 -1 246 -1 253 -1  -2
35 -1 79 -1 253 -1  -2
8 -1 27 -1 144 -1 253 -1  -2
17 -1 113 -1 117 -1  -2
17 -1 26 -1 118 -1 143 -1  -2
8 -1 10 -1 143 -1 245 -1  -2
17 -1 117 -1 118 -1 143 -1 144 -1 253 -1  -2
36 -1 118 -1 144 -1 253 -1  -2
117 -1 144 -1 245 -1 253 -1  -2
117 -1 118 -1  -2
245 -1 246 -1  -2
17 -1 113 -1 133 -1  -2
113 -1 245 -1  -2
117 -1 143 -1 144 -1 245 -1  -2
13 -1 17 -1 143 -1 253 -1  -2
245 -1 253 -1  -2
113 -1 253 -1  -2
117 -1 143 -1 144 -1 253 -1  -2
17 -1 113 -1 143 -1  -2
117 -1 132 -1  -2
117 -1 133 -1  -2
117 -1 139 -1  -2
17 -1 110 -1 245 -1  -2
8 -1 117 -1 139 -1 143 -1 253 -1  -2
117 -1 143 -1  -2
117 -1 144 -1  -2
17 -1 110 -1 253 -1  -2
117 -1 149 -1  -2
26 -1 36 -1 143 -1 253 -1  -2
17 -1 26 -1 117 -1 253 -1  -2
118 -1 143 -1 245 -1 253 -1  -2
246 -1 253 -1  -2
132 -1 245 -1 253 -1  -2
4 -1 117 -1 253 -1  -2
36 -1 117 -1 143 -1 144 -1 253 -1  -2
118 -1 132 -1  -2
1 -1 78 -1 253 -1  -2
4 -1 117 -1 143 -1 253 -1  -2
8 -1 143 -1 144 -1 245 -1 253 -1  -2
118 -1 143 -1  -2
118 -1 144 -1  -2
17 -1 26 -1 117 -1 245 -1  -2
118 -1 143 -1 246 -1 253 -1  -2
17 -1 26 -1 118 -1 253 -1  -2
9 -1 26 -1 143 -1 245 -1  -2
1 -1 79 -1 253 -1  -2
110 -1 139 -1 144 -1  -2
26 -1 117 -1 143 -1 253 -1  -2
110 -1 139 -1 143 -1  -2
8 -1 117 -1 118 -1 143 -1 144 -1  -2
28 -1 35 -1 253 -1  -2
26 -1 117 -1 143 -1 246 -1  -2
117 -1 139 -1 143 -1 245 -1  -2
26 -1 117 -1 143 -1 245 -1  -2
1 -1 26 -1 35 -1 253 -1  -2
16 -1 143 -1 253 -1  -2
8 -1 35 -1 36 -1 117 -1  -2
17 -1 26 -1 118 -1 245 -1  -2
9 -1 27 -1 245 -1 253 -1  -2
9 -1 26 -1 144 -1 253 -1  -2
17 -1 18 -1 117 -1 143 -1 253 -1  -2
17 -1 117 -1 118 -1  -2
17 -1 245 -1 246 -1  -2
9 -1 26 -1 143 -1 253 -1  -2
26 -1 117 -1 144 -1 253 -1  -2
17 -1 113 -1 245 -1  -2
28 -1 36 -1 253 -1  -2
8 -1 35 -1 36 -1 143 -1  -2
8 -1 117 -1 133 -1 253 -1  -2
17 -1 245 -1 253 -1  -2
26 -1 117 -1 144 -1 245 -1  -2
1 -1 113 -1 117 -1 143 -1  -2
17 -1 113 -1 253 -1  -2
117 -1 139 -1 143 -1 144 -1  -2
9 -1 17 -1 26 -1 253 -1  -2
26 -1 118 -1 245 -1 253 -1  -2
17 -1 117 -1 133 -1  -2
117 -1 245 -1  -2
117 -1 246 -1  -2
17 -1 117 -1 139 -1  -2
117 -1 253 -1  -2
17 -1 117 -1 144 -1  -2
17 -1 35 -1 110 -1 117 -1  -2
1 -1 9 -1 35 -1 253 -1  -2
17 -1 117 -1 149 -1  -2
8 -1 132 -1 143 -1  -2
1 -1 78 -1 143 -1 253 -1  -2
17 -1 246 -1 253 -1  -2
17 -1 18 -1 117 -1 143 -1 245 -1  -2
36 -1 110 -1 117 -1 143 -1 253 -1  -2
22 -1 143 -1 144 -1 253 -1  -2
9 -1 27 -1 117 -1 143 -1  -2
118 -1 245 -1  -2
118 -1 246 -1  -2
8 -1 117 -1 139 -1 143 -1  -2
17 -1 35 -1 110 -1 143 -1  -2
117 -1 118 -1 139 -1 144 -1  -2
117 -1 118 -1 139 -1 143 -1  -2
17 -1 118 -1 139 -1  -2
118 -1 253 -1  -2
17 -1 118 -1 143 -1  -2
8 -1 117 -1 118 -1 143 -1 253 -1  -2
17 -1 118 -1 144 -1  -2
36 -1 110 -1 139 -1 143 -1  -2
8 -1 133 -1 143 -1  -2
8 -1 117 -1 118 -1 143 -1 245 -1  -2
1 -1 27 -1 143 -1 144 -1  -2
8 -1 1 -1 143 -1  -2
110 -1 139 -1 245 -1  -2
17 -1 22 -1 245 -1 253 -1  -2
110 -1 139 -1 253 -1  -2
18 -1 118 -1 143 -1 144 -1  -2
8 -1 9 -1 17 -1 35 -1 253 -1  -2
8 -1 35 -1 36 -1 253 -1  -2
1 -1 113 -1 117 -1 253 -1  -2
8 -1 117 -1 118 -1 144 -1 253 -1  -2
110 -1 143 -1 144 -1  -2
8 -1 17 -1 35 -1 245 -1 253 -1  -2
78 -1 79 -1 117 -1  -2
8 -1 9 -1 117 -1 118 -1 143 -1 253 -1  -2
8 -1 17 -1 35 -1 117 -1 143 -1  -2
8 -1 35 -1 36 -1 245 -1  -2
117 -1 139 -1 143 -1 253 -1  -2
1 -1 143 -1 245 -1 246 -1  -2
17 -1 110 -1 117 -1 139 -1 143 -1  -2
1 -1 143 -1 245 -1 253 -1  -2
9 -1 27 -1 117 -1 253 -1  -2
78 -1 79 -1 143 -1  -2
17 -1 117 -1 245 -1  -2
17 -1 117 -1 246 -1  -2
17 -1 117 -1 253 -1  -2
8 -1 132 -1 245 -1  -2
46 -1 143 -1 253 -1  -2
1 -1 35 -1 36 -1 143 -1 253 -1  -2
8 -1 132 -1 253 -1  -2
117 -1 139 -1 144 -1 253 -1  -2
1 -1 143 -1 246 -1 253 -1  -2
9 -1 17 -1 35 -1 143 -1  -2
18 -1 118 -1 143 -1 253 -1  -2
8 -1 36 -1 143 -1 144 -1  -2
17 -1 118 -1 245 -1  -2
17 -1 118 -1 246 -1  -2
18 -1 118 -1 143 -1 245 -1  -2
1 -1 35 -1 117 -1 143 -1 253 -1  -2
17 -1 118 -1 253 -1  -2
8 -1 1 -1 245 -1  -2
8 -1 133 -1 253 -1  -2
27 -1 117 -1 245 -1 253 -1  -2
8 -1 1 -1 253 -1  -2
8 -1 9 -1 35 -1 143 -1 253 -1  -2
1 -1 27 -1 143 -1 253 -1  -2
117 -1 118 -1 143 -1 144 -1  -2
8 -1 9 -1 10 -1  -2
27 -1 117 -1 118 -1 143 -1  -2
8 -1 9 -1 11 -1  -2
29 -1 143 -1 253 -1  -2
8 -1 9 -1 13 -1  -2
8 -1 9 -1 14 -1  -2
8 -1 9 -1 15 -1  -2
1 -1 27 -1 143 -1 245 -1  -2
9 -1 17 -1 143 -1 144 -1 253 -1  -2
78 -1 79 -1 117 -1 143 -1  -2
8 -1 9 -1 17 -1  -2
8 -1 9 -1 18 -1  -2
110 -1 143 -1 245 -1  -2
8 -1 9 -1 19 -1  -2
8 -1 9 -1 20 -1  -2
8 -1 117 -1 139 -1 253 -1  -2
8 -1 9 -1 22 -1  -2
8 -1 9 -1 23 -1  -2
8 -1 9 -1 26 -1  -2
8 -1 9 -1 27 -1  -2
110 -1 143 -1 253 -1  -2
8 -1 9 -1 28 -1  -2
143 -1 144 -1 245 -1 253 -1  -2
8 -1 9 -1 29 -1  -2
8 -1 117 -1 143 -1 144 -1  -2
8 -1 9 -1 31 -1  -2
8 -1 9 -1 32 -1  -2
8 -1 9 -1 35 -1  -2
8 -1 9 -1 36 -1  -2
8 -1 9 -1 39 -1  -2
1 -1 27 -1 144 -1 253 -1  -2
8 -1 9 -1 41 -1  -2
8 -1 17 -1 35 -1 117 -1 253 -1  -2
8 -1 10 -1 17 -1  -2
9 -1 22 -1 143 -1 253 -1  -2
1 -1 117 -1 133 -1 143 -1  -2
110 -1 144 -1 245 -1  -2
17 -1 132 -1 143 -1 253 -1  -2
1 -1 10 -1 143 -1 253 -1  -2
8 -1 10 -1 26 -1  -2
110 -1 144 -1 253 -1  -2
143 -1 144 -1 246 -1 253 -1  -2
8 -1 26 -1 143 -1 144 -1 253 -1  -2
78 -1 79 -1 253 -1  -2
110 -1 139 -1 143 -1 144 -1  -2
8 -1 10 -1 35 -1  -2
26 -1 110 -1 117 -1  -2
17 -1 35 -1 117 -1 118 -1  -2
110 -1 143 -1 144 -1 245 -1  -2
8 -1 139 -1 143 -1  -2
8 -1 110 -1 139 -1 143 -1 253 -1  -2
8 -1 9 -1 78 -1  -2
8 -1 139 -1 144 -1  -2
17 -1 35 -1 245 -1 253 -1  -2
110 -1 143 -1 144 -1 253 -1  -2
8 -1 9 -1 79 -1  -2
8 -1 9 -1 117 -1 246 -1 253 -1  -2
13 -1 245 -1 253 -1  -2
26 -1 110 -1 139 -1  -2
26 -1 110 -1 143 -1  -2
26 -1 110 -1 144 -1  -2
17 -1 117 -1 118 -1 245 -1 253 -1  -2
1 -1 4 -1  -2
1 -1 5 -1  -2
1 -1 6 -1  -2
8 -1 117 -1 143 -1 246 -1  -2
13 -1 117 -1 143 -1  -2
1 -1 7 -1  -2
8 -1 117 -1 143 -1 245 -1  -2
1 -1 8 -1  -2
1 -1 9 -1  -2
1 -1 10 -1  -2
1 -1 11 -1  -2
1 -1 12 -1  -2
8 -1 9 -1 110 -1  -2
17 -1 35 -1 246 -1 253 -1  -2
1 -1 13 -1  -2
1 -1 14 -1  -2
1 -1 15 -1  -2
8 -1 9 -1 113 -1  -2
8 -1 117 -1 143 -1 253 -1  -2
9 -1 110 -1 117 -1  -2
1 -1 16 -1  -2
8 -1 9 -1 117 -1 245 -1 253 -1  -2
9 -1 110 -1 118 -1  -2
1 -1 17 -1  -2
8 -1 36 -1 143 -1 245 -1  -2
9 -1 17 -1 35 -1 253 -1  -2
117 -1 118 -1 139 -1 253 -1  -2
1 -1 18 -1  -2
1 -1 19 -1  -2
8 -1 9 -1 117 -1  -2
13 -1 246 -1 253 -1  -2
1 -1 20 -1  -2
8 -1 9 -1 118 -1  -2
8 -1 9 -1 18 -1 143 -1 253 -1  -2
1 -1 21 -1  -2
1 -1 22 -1  -2
1 -1 23 -1  -2
1 -1 24 -1  -2
1 -1 25 -1  -2
8 -1 36 -1 143 -1 253 -1  -2
1 -1 26 -1  -2
1 -1 27 -1  -2
17 -1 35 -1 117 -1 143 -1  -2
1 -1 28 -1  -2
1 -1 29 -1  -2
1 -1 30 -1  -2
1 -1 31 -1  -2
17 -1 26 -1 143 -1 245 -1 253 -1  -2
1 -1 32 -1  -2
8 -1 117 -1 144 -1 245 -1  -2
1 -1 33 -1  -2
8 -1 117 -1 118 -1 143 -1 144 -1 253 -1  -2
1 -1 34 -1  -2
117 -1 118 -1 144 -1 245 -1  -2
1 -1 35 -1  -2
8 -1 9 -1 133 -1  -2
1 -1 36 -1  -2
8 -1 118 -1 245 -1 253 -1  -2
1 -1 37 -1  -2
9 -1 110 -1 139 -1  -2
1 -1 38 -1  -2
1 -1 39 -1  -2
2 -1 8 -1  -2
1 -1 40 -1  -2
2 -1 9 -1  -2
8 -1 117 -1 144 -1 253 -1  -2
1 -1 41 -1  -2
9 -1 110 -1 143 -1  -2
8 -1 9 -1 139 -1  -2
1 -1 42 -1  -2
17 -1 18 -1 117 -1 143 -1  -2
117 -1 118 -1 144 -1 253 -1  -2
1 -1 43 -1  -2
8 -1 13 -1 17 -1  -2
1 -1 44 -1  -2
1 -1 45 -1  -2
8 -1 9 -1 143 -1  -2
1 -1 46 -1  -2
8 -1 9 -1 144 -1  -2
9 -1 35 -1 143 -1 144 -1  -2
1 -1 47 -1  -2
1 -1 48 -1  -2
2 -1 17 -1  -2
9 -1 17 -1 36 -1 253 -1  -2
1 -1 49 -1  -2
2 -1 18 -1  -2
8 -1 10 -1 117 -1  -2
1 -1 50 -1  -2
1 -1 52 -1  -2
1 -1 53 -1  -2
2 -1 22 -1  -2
17 -1 18 -1 117 -1 118 -1  -2
1 -1 54 -1  -2
8 -1 36 -1 144 -1 253 -1  -2
78 -1 79 -1 117 -1 253 -1  -2
2 -1 26 -1  -2
35 -1 78 -1 117 -1 143 -1  -2
2 -1 27 -1  -2
9 -1 110 -1 117 -1 143 -1 253 -1  -2
17 -1 35 -1 118 -1 143 -1  -2
17 -1 18 -1 245 -1 253 -1  -2
8 -1 6 -1 253 -1  -2
27 -1 117 -1 118 -1 253 -1  -2
1 -1 35 -1 36 -1 143 -1  -2
2 -1 35 -1  -2
110 -1 139 -1 143 -1 245 -1  -2
8 -1 10 -1 143 -1  -2
17 -1 18 -1 118 -1 143 -1  -2
1 -1 78 -1  -2
110 -1 139 -1 143 -1 253 -1  -2
1 -1 79 -1  -2
8 -1 139 -1 245 -1  -2
8 -1 11 -1 117 -1  -2
26 -1 113 -1 143 -1  -2
8 -1 139 -1 253 -1  -2
36 -1 110 -1 143 -1 253 -1  -2
1 -1 117 -1 133 -1 253 -1  -2
8 -1 7 -1 253 -1  -2
17 -1 18 -1 246 -1 253 -1  -2
26 -1 110 -1 245 -1  -2
26 -1 143 -1 144 -1 246 -1  -2
8 -1 17 -1 143 -1 245 -1 253 -1  -2
1 -1 139 -1 245 -1 253 -1  -2
26 -1 144 -1 245 -1 253 -1  -2
17 -1 35 -1 117 -1 245 -1  -2
4 -1 8 -1  -2
4 -1 9 -1  -2
26 -1 143 -1 144 -1 245 -1  -2
8 -1 143 -1 144 -1  -2
26 -1 110 -1 253 -1  -2
8 -1 11 -1 143 -1  -2
132 -1 143 -1  -2
13 -1 117 -1 245 -1  -2
9 -1 113 -1 117 -1  -2
132 -1 144 -1  -2
17 -1 35 -1 117 -1 253 -1  -2
8 -1 143 -1 149 -1  -2
1 -1 110 -1  -2
1 -1 113 -1  -2
13 -1 117 -1 253 -1  -2
9 -1 26 -1 27 -1 143 -1  -2
1 -1 117 -1  -2
1 -1 118 -1  -2
10 -1 78 -1 253 -1  -2
8 -1 17 -1 78 -1 143 -1  -2
4 -1 35 -1  -2
26 -1 144 -1 246 -1 253 -1  -2
1 -1 132 -1  -2
1 -1 133 -1  -2
9 -1 113 -1 143 -1  -2
26 -1 117 -1 139 -1 143 -1 253 -1  -2
1 -1 117 -1 139 -1 143 -1  -2
1 -1 139 -1  -2
133 -1 143 -1  -2
35 -1 78 -1 117 -1 253 -1  -2
17 -1 35 -1 118 -1 253 -1  -2
117 -1 118 -1 143 -1 246 -1  -2
117 -1 118 -1 143 -1 245 -1  -2
1 -1 143 -1  -2
8 -1 13 -1 117 -1  -2
9 -1 110 -1 245 -1  -2
1 -1 144 -1  -2
8 -1 9 -1 245 -1  -2
2 -1 117 -1  -2
8 -1 9 -1 246 -1  -2
1 -1 149 -1  -2
117 -1 118 -1 143 -1 253 -1  -2
9 -1 110 -1 253 -1  -2
18 -1 117 -1 143 -1 245 -1 253 -1  -2
8 -1 9 -1 253 -1  -2
26 -1 143 -1 144 -1 253 -1  -2
9 -1 133 -1 143 -1 253 -1  -2
8 -1 9 -1 17 -1 117 -1 143 -1 253 -1  -2
8 -1 17 -1 18 -1  -2
8 -1 13 -1 143 -1  -2
8 -1 17 -1 19 -1  -2
8 -1 17 -1 20 -1  -2
8 -1 17 -1 22 -1  -2
8 -1 17 -1 23 -1  -2
2 -1 143 -1  -2
2 -1 144 -1  -2
8 -1 17 -1 26 -1  -2
8 -1 17 -1 27 -1  -2
8 -1 10 -1 245 -1  -2
8 -1 17 -1 28 -1  -2
1 -1 35 -1 36 -1 253 -1  -2
9 -1 35 -1 143 -1 245 -1  -2
17 -1 18 -1 117 -1 245 -1  -2
8 -1 17 -1 31 -1  -2
8 -1 17 -1 35 -1  -2
8 -1 10 -1 253 -1  -2
8 -1 17 -1 36 -1  -2
26 -1 117 -1 118 -1  -2
26 -1 245 -1 246 -1  -2
9 -1 35 -1 143 -1 253 -1  -2
17 -1 18 -1 117 -1 253 -1  -2
9 -1 117 -1 245 -1 253 -1  -2
26 -1 117 -1 118 -1 143 -1 144 -1  -2
26 -1 245 -1 253 -1  -2
9 -1 18 -1 143 -1 245 -1  -2
8 -1 17 -1 143 -1 246 -1 253 -1  -2
9 -1 36 -1 117 -1 143 -1  -2
9 -1 117 -1 143 -1 144 -1 253 -1  -2
26 -1 113 -1 253 -1  -2
9 -1 26 -1 27 -1 253 -1  -2
26 -1 110 -1 245 -1 253 -1  -2
8 -1 14 -1 143 -1  -2
26 -1 117 -1 133 -1  -2
9 -1 18 -1 143 -1 253 -1  -2
8 -1 17 -1 78 -1 253 -1  -2
8 -1 143 -1 245 -1  -2
26 -1 110 -1 117 -1 118 -1  -2
8 -1 143 -1 246 -1  -2
26 -1 117 -1 139 -1  -2
8 -1 18 -1 26 -1  -2
8 -1 18 -1 27 -1  -2
8 -1 11 -1 245 -1  -2
4 -1 117 -1  -2
132 -1 245 -1  -2
26 -1 117 -1 143 -1  -2
4 -1 118 -1  -2
26 -1 117 -1 144 -1  -2
8 -1 143 -1 253 -1  -2
9 -1 36 -1 245 -1 253 -1  -2
8 -1 18 -1 35 -1  -2
8 -1 11 -1 253 -1  -2
132 -1 253 -1  -2
8 -1 1 -1  -2
9 -1 35 -1 144 -1 253 -1  -2
17 -1 132 -1 143 -1  -2
8 -1 6 -1  -2
17 -1 18 -1 118 -1 253 -1  -2
8 -1 7 -1  -2
9 -1 117 -1 246 -1 253 -1  -2
26 -1 246 -1 253 -1  -2
8 -1 9 -1  -2
8 -1 10 -1  -2
8 -1 11 -1  -2
8 -1 17 -1 78 -1  -2
8 -1 12 -1  -2
8 -1 17 -1 79 -1  -2
8 -1 13 -1  -2
8 -1 14 -1  -2
8 -1 15 -1  -2
8 -1 16 -1  -2
9 -1 117 -1 118 -1  -2
9 -1 245 -1 246 -1  -2
8 -1 17 -1  -2
8 -1 17 -1 79 -1 253 -1  -2
8 -1 18 -1  -2
4 -1 143 -1  -2
8 -1 19 -1  -2
8 -1 144 -1 245 -1  -2
4 -1 144 -1  -2
8 -1 20 -1  -2
8 -1 144 -1 246 -1  -2
8 -1 21 -1  -2
26 -1 118 -1 139 -1  -2
8 -1 22 -1  -2
8 -1 23 -1  -2
9 -1 245 -1 253 -1  -2
26 -1 110 -1 117 -1 139 -1  -2
133 -1 245 -1  -2
8 -1 24 -1  -2
5 -1 117 -1  -2
8 -1 25 -1  -2
26 -1 118 -1 143 -1  -2
8 -1 26 -1  -2
26 -1 118 -1 144 -1  -2
8 -1 27 -1  -2
8 -1 144 -1 253 -1  -2
9 -1 113 -1 253 -1  -2
26 -1 110 -1 117 -1 143 -1  -2
1 -1 245 -1  -2
8 -1 28 -1  -2
1 -1 246 -1  -2
8 -1 29 -1  -2
8 -1 30 -1  -2
8 -1 31 -1  -2
8 -1 12 -1 253 -1  -2
9 -1 117 -1 133 -1  -2
133 -1 253 -1  -2
8 -1 32 -1  -2
8 -1 33 -1  -2
17 -1 133 -1 143 -1  -2
8 -1 34 -1  -2
8 -1 35 -1  -2
1 -1 253 -1  -2
8 -1 36 -1  -2
8 -1 37 -1  -2
9 -1 117 -1 139 -1  -2
17 -1 1 -1 143 -1  -2
8 -1 38 -1  -2
9 -1 7 -1  -2
8 -1 39 -1  -2
8 -1 40 -1  -2
27 -1 143 -1 245 -1 253 -1  -2
8 -1 41 -1  -2
9 -1 10 -1  -2
9 -1 117 -1 143 -1  -2
8 -1 42 -1  -2
9 -1 11 -1  -2
9 -1 117 -1 144 -1  -2
8 -1 43 -1  -2
8 -1 17 -1 110 -1  -2
9 -1 12 -1  -2
8 -1 44 -1  -2
9 -1 13 -1  -2
8 -1 45 -1  -2
9 -1 14 -1  -2
1 -1 117 -1 143 -1 144 -1  -2
8 -1 46 -1  -2
9 -1 15 -1  -2
8 -1 17 -1 113 -1  -2
8 -1 47 -1  -2
9 -1 16 -1  -2
8 -1 48 -1  -2
9 -1 17 -1  -2
9 -1 18 -1  -2
8 -1 49 -1  -2
5 -1 143 -1  -2
9 -1 19 -1  -2
8 -1 17 -1 117 -1  -2
8 -1 113 -1 143 -1 253 -1  -2
8 -1 50 -1  -2
9 -1 20 -1  -2
8 -1 17 -1 118 -1  -2
110 -1 118 -1 139 -1 143 -1  -2
8 -1 51 -1  -2
8 -1 52 -1  -2
9 -1 21 -1  -2
8 -1 53 -1  -2
9 -1 22 -1  -2
9 -1 23 -1  -2
8 -1 13 -1 245 -1  -2
9 -1 246 -1 253 -1  -2
8 -1 54 -1  -2
110 -1 118 -1 139 -1 144 -1  -2
9 -1 24 -1  -2
9 -1 25 -1  -2
9 -1 26 -1  -2
9 -1 27 -1  -2
2 -1 245 -1  -2
9 -1 28 -1  -2
9 -1 117 -1 118 -1 144 -1  -2
9 -1 29 -1  -2
9 -1 117 -1 118 -1 143 -1  -2
2 -1 246 -1  -2
9 -1 30 -1  -2
9 -1 31 -1  -2
8 -1 13 -1 253 -1  -2
1 -1 117 -1 139 -1 253 -1  -2
9 -1 32 -1  -2
9 -1 33 -1  -2
9 -1 34 -1  -2
9 -1 35 -1  -2
8 -1 17 -1 133 -1  -2
2 -1 253 -1  -2
9 -1 36 -1  -2
9 -1 37 -1  -2
9 -1 118 -1 139 -1  -2
9 -1 38 -1  -2
9 -1 39 -1  -2
9 -1 40 -1  -2
27 -1 143 -1 246 -1 253 -1  -2
9 -1 41 -1  -2
9 -1 118 -1 143 -1  -2
8 -1 17 -1 139 -1  -2
9 -1 118 -1 144 -1  -2
10 -1 11 -1  -2
9 -1 118 -1 143 -1 245 -1 253 -1  -2
26 -1 117 -1 143 -1 144 -1 245 -1  -2
10 -1 13 -1  -2
9 -1 44 -1  -2
9 -1 45 -1  -2
8 -1 17 -1 143 -1  -2
8 -1 17 -1 144 -1  -2
9 -1 46 -1  -2
8 -1 78 -1  -2
8 -1 79 -1  -2
10 -1 17 -1  -2
9 -1 48 -1  -2
10 -1 18 -1  -2
10 -1 19 -1  -2
8 -1 18 -1 117 -1  -2
6 -1 143 -1  -2
10 -1 20 -1  -2
8 -1 18 -1 118 -1  -2
9 -1 53 -1  -2
10 -1 22 -1  -2
10 -1 23 -1  -2
8 -1 35 -1 117 -1 143 -1 253 -1  -2
9 -1 26 -1 117 -1 143 -1 253 -1  -2
10 -1 26 -1  -2
8 -1 9 -1 143 -1 144 -1 253 -1  -2
10 -1 27 -1  -2
10 -1 28 -1  -2
8 -1 14 -1 253 -1  -2
10 -1 31 -1  -2
26 -1 117 -1 245 -1  -2
10 -1 35 -1  -2
26 -1 117 -1 246 -1  -2
10 -1 36 -1  -2
3 -1 253 -1  -2
8 -1 17 -1 117 -1 143 -1 245 -1 253 -1  -2
8 -1 35 -1 36 -1 143 -1 253 -1  -2
26 -1 117 -1 253 -1  -2
17 -1 132 -1 245 -1  -2
8 -1 18 -1 143 -1  -2
26 -1 139 -1 143 -1 245 -1  -2
139 -1 143 -1  -2
8 -1 18 -1 144 -1  -2
9 -1 78 -1  -2
139 -1 144 -1  -2
26 -1 110 -1 117 -1 253 -1  -2
1 -1 36 -1 143 -1 245 -1 253 -1  -2
8 -1 110 -1  -2
9 -1 79 -1  -2
11 -1 17 -1  -2
11 -1 18 -1  -2
1 -1 139 -1 143 -1 245 -1 253 -1  -2
8 -1 35 -1 117 -1 143 -1 245 -1  -2
7 -1 143 -1  -2
17 -1 132 -1 253 -1  -2
8 -1 113 -1  -2
8 -1 22 -1 26 -1  -2
8 -1 117 -1  -2
26 -1 110 -1 117 -1 245 -1  -2
8 -1 118 -1  -2
11 -1 26 -1  -2
4 -1 245 -1  -2
4 -1 246 -1  -2
8 -1 15 -1 253 -1  -2
9 -1 36 -1 117 -1 253 -1  -2
26 -1 118 -1 245 -1  -2
11 -1 35 -1  -2
26 -1 118 -1 246 -1  -2
4 -1 253 -1  -2
26 -1 117 -1 143 -1 144 -1 253 -1  -2
11 -1 36 -1  -2
8 -1 132 -1  -2
8 -1 133 -1  -2
26 -1 118 -1 253 -1  -2
17 -1 133 -1 245 -1  -2
9 -1 245 -1 246 -1 253 -1  -2
8 -1 19 -1 143 -1  -2
8 -1 139 -1  -2
8 -1 79 -1 143 -1 253 -1  -2
10 -1 17 -1 143 -1 253 -1  -2
10 -1 78 -1  -2
1 -1 36 -1 143 -1 245 -1  -2
9 -1 110 -1  -2
9 -1 117 -1 118 -1 253 -1  -2
10 -1 35 -1 117 -1 143 -1  -2
8 -1 143 -1  -2
9 -1 117 -1 245 -1  -2
17 -1 133 -1 253 -1  -2
8 -1 144 -1  -2
9 -1 113 -1  -2
9 -1 117 -1 246 -1  -2
1 -1 117 -1 143 -1 245 -1  -2
1 -1 117 -1 143 -1 246 -1  -2
17 -1 1 -1 253 -1  -2
9 -1 117 -1  -2
8 -1 149 -1  -2
9 -1 118 -1  -2
17 -1 78 -1 117 -1 143 -1  -2
9 -1 117 -1 253 -1  -2
5 -1 245 -1  -2
26 -1 110 -1 117 -1 143 -1 245 -1  -2
110 -1 118 -1 139 -1 245 -1  -2
8 -1 16 -1 253 -1  -2
4 -1 8 -1 253 -1  -2
5 -1 253 -1  -2
26 -1 110 -1 117 -1 143 -1 253 -1  -2
110 -1 118 -1 139 -1 253 -1  -2
9 -1 132 -1  -2
26 -1 139 -1 143 -1 253 -1  -2
9 -1 133 -1  -2
1 -1 36 -1 143 -1 253 -1  -2
17 -1 26 -1 143 -1 144 -1  -2
9 -1 117 -1 118 -1 245 -1  -2
8 -1 9 -1 35 -1 117 -1 143 -1 253 -1  -2
8 -1 20 -1 143 -1  -2
9 -1 139 -1  -2
13 -1 17 -1  -2
10 -1 110 -1  -2
13 -1 18 -1  -2
9 -1 143 -1  -2
9 -1 118 -1 245 -1  -2
9 -1 144 -1  -2
9 -1 118 -1 246 -1  -2
13 -1 22 -1  -2
1 -1 117 -1 144 -1 245 -1  -2
8 -1 17 -1 245 -1  -2
110 -1 118 -1 143 -1 144 -1  -2
13 -1 23 -1  -2
10 -1 117 -1  -2
8 -1 17 -1 246 -1  -2
10 -1 118 -1  -2
9 -1 149 -1  -2
13 -1 26 -1  -2
1 -1 118 -1 245 -1 253 -1  -2
13 -1 27 -1  -2
9 -1 118 -1 253 -1  -2
8 -1 149 -1 253 -1  -2
6 -1 245 -1  -2
1 -1 117 -1 143 -1 253 -1  -2
8 -1 17 -1 253 -1  -2
13 -1 31 -1  -2
13 -1 35 -1  -2
4 -1 9 -1 253 -1  -2
6 -1 253 -1  -2
13 -1 36 -1  -2
10 -1 133 -1  -2
18 -1 110 -1 143 -1 253 -1  -2
10 -1 139 -1  -2
14 -1 17 -1  -2
36 -1 78 -1 143 -1  -2
10 -1 143 -1  -2
8 -1 22 -1 117 -1  -2
10 -1 144 -1  -2
35 -1 110 -1 117 -1  -2
8 -1 18 -1 245 -1  -2
11 -1 117 -1  -2
139 -1 245 -1  -2
35 -1 110 -1 118 -1  -2
11 -1 118 -1  -2
14 -1 26 -1  -2
1 -1 118 -1 246 -1 253 -1  -2
7 -1 245 -1  -2
1 -1 117 -1 144 -1 253 -1  -2
8 -1 18 -1 253 -1  -2
139 -1 253 -1  -2
35 -1 36 -1 117 -1 143 -1 253 -1  -2
17 -1 139 -1 144 -1  -2
14 -1 35 -1  -2
7 -1 253 -1  -2
26 -1 118 -1 139 -1 143 -1  -2
22 -1 245 -1 253 -1  -2
35 -1 110 -1 139 -1  -2
8 -1 22 -1 143 -1  -2
26 -1 118 -1 143 -1 245 -1 253 -1  -2
143 -1 144 -1  -2
8 -1 144 -1 245 -1 253 -1  -2
35 -1 110 -1 143 -1  -2
11 -1 143 -1  -2
11 -1 144 -1  -2
8 -1 143 -1 144 -1 253 -1  -2
17 -1 26 -1 143 -1 245 -1  -2
143 -1 149 -1  -2
17 -1 26 -1 143 -1 246 -1  -2
8 -1 26 -1 27 -1  -2
4 -1 143 -1 245 -1  -2
8 -1 26 -1 31 -1  -2
8 -1 245 -1  -2
17 -1 26 -1 143 -1 253 -1  -2
8 -1 246 -1  -2
22 -1 117 -1 143 -1  -2
8 -1 26 -1 35 -1  -2
4 -1 143 -1 253 -1  -2
8 -1 19 -1 253 -1  -2
8 -1 26 -1 36 -1  -2
8 -1 253 -1  -2
18 -1 110 -1 117 -1  -2
22 -1 246 -1 253 -1  -2
8 -1 143 -1 144 -1 246 -1  -2
8 -1 143 -1 144 -1 245 -1  -2
9 -1 26 -1 35 -1 253 -1  -2
17 -1 26 -1 144 -1 253 -1  -2
8 -1 144 -1 246 -1 253 -1  -2
12 -1 143 -1  -2
17 -1 27 -1 245 -1 253 -1  -2
78 -1 117 -1 143 -1 253 -1  -2
132 -1 143 -1 144 -1  -2
9 -1 117 -1 139 -1 143 -1 253 -1  -2
117 -1 139 -1 143 -1 245 -1 253 -1  -2
13 -1 117 -1  -2
13 -1 118 -1  -2
5 -1 245 -1 253 -1  -2
9 -1 245 -1  -2
9 -1 246 -1  -2
18 -1 110 -1 139 -1  -2
110 -1 118 -1 143 -1 245 -1  -2
8 -1 20 -1 253 -1  -2
4 -1 144 -1 253 -1  -2
17 -1 1 -1  -2
17 -1 78 -1 117 -1 253 -1  -2
18 -1 110 -1 143 -1  -2
9 -1 253 -1  -2
17 -1 6 -1  -2
110 -1 118 -1 143 -1 253 -1  -2
17 -1 7 -1  -2
17 -1 26 -1 144 -1 245 -1  -2
8 -1 26 -1 78 -1  -2
17 -1 11 -1  -2
17 -1 12 -1  -2
17 -1 15 -1  -2
17 -1 16 -1  -2
17 -1 18 -1  -2
13 -1 143 -1  -2
17 -1 19 -1  -2
13 -1 144 -1  -2
17 -1 20 -1  -2
17 -1 21 -1  -2
26 -1 118 -1 143 -1 144 -1  -2
17 -1 22 -1  -2
17 -1 23 -1  -2
1 -1 110 -1 117 -1  -2
9 -1 78 -1 143 -1 253 -1  -2
35 -1 113 -1 117 -1  -2
14 -1 117 -1  -2
17 -1 24 -1  -2
1 -1 110 -1 118 -1  -2
17 -1 25 -1  -2
17 -1 26 -1  -2
17 -1 27 -1  -2
10 -1 245 -1  -2
17 -1 28 -1  -2
10 -1 246 -1  -2
17 -1 29 -1  -2
17 -1 30 -1  -2
17 -1 31 -1  -2
17 -1 32 -1  -2
17 -1 33 -1  -2
8 -1 28 -1 143 -1 253 -1  -2
17 -1 34 -1  -2
17 -1 35 -1  -2
36 -1 78 -1 253 -1  -2
17 -1 27 -1 117 -1 143 -1  -2
10 -1 253 -1  -2
17 -1 36 -1  -2
17 -1 37 -1  -2
17 -1 38 -1  -2
17 -1 39 -1  -2
110 -1 118 -1 144 -1 253 -1  -2
17 -1 40 -1  -2
17 -1 41 -1  -2
17 -1 139 -1 245 -1  -2
17 -1 42 -1  -2
8 -1 26 -1 110 -1  -2
17 -1 43 -1  -2
17 -1 44 -1  -2
17 -1 45 -1  -2
1 -1 110 -1 139 -1  -2
35 -1 117 -1 143 -1 245 -1 253 -1  -2
17 -1 46 -1  -2
17 -1 47 -1  -2
17 -1 48 -1  -2
35 -1 113 -1 143 -1  -2
14 -1 143 -1  -2
18 -1 19 -1  -2
8 -1 26 -1 117 -1  -2
17 -1 139 -1 253 -1  -2
17 -1 50 -1  -2
8 -1 26 -1 118 -1  -2
14 -1 144 -1  -2
18 -1 20 -1  -2
8 -1 11 -1 143 -1 253 -1  -2
17 -1 117 -1 118 -1 143 -1 253 -1  -2
18 -1 22 -1  -2
17 -1 53 -1  -2
18 -1 23 -1  -2
8 -1 22 -1 245 -1  -2
17 -1 7 -1 253 -1  -2
143 -1 245 -1  -2
15 -1 117 -1  -2
8 -1 22 -1 246 -1  -2
143 -1 246 -1  -2
35 -1 110 -1 245 -1  -2
18 -1 26 -1  -2
18 -1 27 -1  -2
110 -1 118 -1 139 -1 143 -1 253 -1  -2
11 -1 245 -1  -2
18 -1 28 -1  -2
11 -1 246 -1  -2
17 -1 117 -1 118 -1 143 -1 245 -1  -2
18 -1 29 -1  -2
8 -1 22 -1 253 -1  -2
8 -1 110 -1 117 -1 139 -1  -2
18 -1 31 -1  -2
143 -1 253 -1  -2
35 -1 110 -1 253 -1  -2
17 -1 143 -1 144 -1  -2
18 -1 35 -1  -2
11 -1 253 -1  -2
18 -1 36 -1  -2
22 -1 117 -1 245 -1  -2
17 -1 143 -1 149 -1  -2
18 -1 41 -1  -2
8 -1 110 -1 117 -1 118 -1  -2
8 -1 26 -1 143 -1  -2
8 -1 27 -1 117 -1 143 -1 253 -1  -2
8 -1 110 -1 245 -1 253 -1  -2
8 -1 26 -1 144 -1  -2
22 -1 117 -1 253 -1  -2
17 -1 78 -1  -2
17 -1 79 -1  -2
15 -1 143 -1  -2
8 -1 27 -1 117 -1  -2
15 -1 144 -1  -2
17 -1 117 -1 118 -1 144 -1 253 -1  -2
144 -1 245 -1  -2
144 -1 246 -1  -2
19 -1 26 -1  -2
12 -1 245 -1  -2
132 -1 143 -1 245 -1  -2
8 -1 23 -1 253 -1  -2
144 -1 253 -1  -2
18 -1 113 -1 143 -1  -2
35 -1 133 -1 143 -1 253 -1  -2
12 -1 253 -1  -2
8 -1 110 -1 117 -1 143 -1  -2
132 -1 143 -1 253 -1  -2
118 -1 143 -1 144 -1 245 -1  -2
8 -1 27 -1 143 -1  -2
8 -1 27 -1 144 -1  -2
22 -1 118 -1 253 -1  -2
18 -1 78 -1  -2
17 -1 110 -1  -2
16 -1 143 -1  -2
18 -1 110 -1 253 -1  -2
8 -1 28 -1 117 -1  -2
17 -1 113 -1  -2
35 -1 36 -1 117 -1 143 -1  -2
1 -1 113 -1 117 -1  -2
35 -1 117 -1 245 -1 253 -1  -2
17 -1 117 -1  -2
17 -1 27 -1 117 -1 253 -1  -2
17 -1 118 -1  -2
20 -1 26 -1  -2
13 -1 245 -1  -2
13 -1 246 -1  -2
8 -1 24 -1 253 -1  -2
133 -1 245 -1 253 -1  -2
1 -1 113 -1 143 -1 253 -1  -2
20 -1 35 -1  -2
13 -1 253 -1  -2
132 -1 144 -1 253 -1  -2
8 -1 9 -1 78 -1 143 -1  -2
8 -1 110 -1 118 -1 143 -1  -2
17 -1 132 -1  -2
35 -1 36 -1 245 -1 253 -1  -2
1 -1 113 -1 133 -1  -2
17 -1 133 -1  -2
8 -1 28 -1 143 -1  -2
17 -1 139 -1  -2
9 -1 143 -1 245 -1 253 -1  -2
18 -1 110 -1  -2
1 -1 113 -1 143 -1  -2
17 -1 143 -1  -2
17 -1 144 -1  -2
18 -1 113 -1  -2
149 -1 150 -1  -2
35 -1 245 -1 246 -1  -2
18 -1 117 -1  -2
9 -1 18 -1 117 -1 143 -1 253 -1  -2
17 -1 149 -1  -2
18 -1 118 -1  -2
35 -1 36 -1 118 -1 143 -1  -2
35 -1 117 -1 246 -1 253 -1  -2
1 -1 110 -1 245 -1  -2
18 -1 26 -1 245 -1 253 -1  -2
14 -1 245 -1  -2
14 -1 246 -1  -2
35 -1 245 -1 253 -1  -2
1 -1 110 -1 253 -1  -2
35 -1 113 -1 253 -1  -2
14 -1 253 -1  -2
26 -1 118 -1 143 -1 253 -1  -2
18 -1 132 -1  -2
26 -1 110 -1 117 -1 139 -1 143 -1  -2
35 -1 117 -1 133 -1  -2
18 -1 133 -1  -2
17 -1 18 -1 22 -1  -2
17 -1 143 -1 245 -1  -2
17 -1 143 -1 246 -1  -2
17 -1 18 -1 26 -1  -2
26 -1 118 -1 143 -1 245 -1  -2
35 -1 117 -1 139 -1  -2
18 -1 139 -1  -2
9 -1 143 -1 246 -1 253 -1  -2
35 -1 117 -1 144 -1  -2
35 -1 117 -1 143 -1  -2
18 -1 143 -1  -2
17 -1 143 -1 253 -1  -2
18 -1 144 -1  -2
27 -1 117 -1 143 -1 144 -1  -2
8 -1 139 -1 143 -1 253 -1  -2
17 -1 18 -1 35 -1  -2
8 -1 26 -1 245 -1  -2
17 -1 18 -1 36 -1  -2
19 -1 117 -1  -2
8 -1 26 -1 246 -1  -2
26 -1 132 -1 143 -1  -2
22 -1 26 -1  -2
22 -1 27 -1  -2
15 -1 245 -1  -2
35 -1 246 -1 253 -1  -2
8 -1 17 -1 35 -1 143 -1 253 -1  -2
8 -1 26 -1 253 -1  -2
22 -1 35 -1  -2
15 -1 253 -1  -2
22 -1 36 -1  -2
8 -1 26 -1 78 -1 253 -1  -2
26 -1 118 -1 144 -1 253 -1  -2
18 -1 117 -1 118 -1  -2
9 -1 27 -1 143 -1 253 -1  -2
8 -1 110 -1 117 -1 245 -1  -2
17 -1 144 -1 245 -1  -2
18 -1 26 -1 117 -1 143 -1  -2
17 -1 144 -1 246 -1  -2
35 -1 118 -1 139 -1  -2
18 -1 245 -1 253 -1  -2
8 -1 139 -1 143 -1 245 -1  -2
26 -1 118 -1 144 -1 245 -1  -2
35 -1 118 -1 143 -1  -2
8 -1 110 -1 117 -1 253 -1  -2
19 -1 143 -1  -2
17 -1 144 -1 253 -1  -2
35 -1 118 -1 144 -1  -2
18 -1 113 -1 253 -1  -2
17 -1 143 -1 144 -1 245 -1 253 -1  -2
19 -1 144 -1  -2
8 -1 9 -1 78 -1 253 -1  -2
8 -1 27 -1 245 -1  -2
20 -1 117 -1  -2
8 -1 27 -1 246 -1  -2
9 -1 10 -1 143 -1 253 -1  -2
17 -1 22 -1 143 -1 253 -1  -2
26 -1 133 -1 143 -1  -2
23 -1 26 -1  -2
9 -1 117 -1 133 -1 143 -1  -2
16 -1 245 -1  -2
8 -1 27 -1 253 -1  -2
17 -1 117 -1 118 -1 143 -1 144 -1  -2
18 -1 117 -1 144 -1  -2
23 -1 35 -1  -2
16 -1 253 -1  -2
1 -1 79 -1 143 -1 253 -1  -2
118 -1 139 -1 143 -1 144 -1  -2
9 -1 132 -1 143 -1  -2
8 -1 31 -1 143 -1  -2
18 -1 246 -1 253 -1  -2
20 -1 143 -1  -2
20 -1 144 -1  -2
8 -1 110 -1 118 -1 253 -1  -2
8 -1 118 -1 139 -1 143 -1  -2
1 -1 117 -1 118 -1  -2
1 -1 245 -1 246 -1  -2
8 -1 9 -1 79 -1 253 -1  -2
118 -1 143 -1 144 -1 253 -1  -2
17 -1 245 -1  -2
17 -1 246 -1  -2
118 -1 144 -1 245 -1 253 -1  -2
1 -1 245 -1 253 -1  -2
8 -1 28 -1 253 -1  -2
8 -1 35 -1 36 -1  -2
149 -1 253 -1  -2
18 -1 118 -1 143 -1  -2
18 -1 118 -1 144 -1  -2
1 -1 113 -1 253 -1  -2
17 -1 253 -1  -2
1 -1 117 -1 132 -1  -2
1 -1 117 -1 133 -1  -2
9 -1 133 -1 143 -1  -2
17 -1 18 -1 117 -1  -2
17 -1 18 -1 118 -1  -2
35 -1 36 -1 117 -1 253 -1  -2
1 -1 117 -1 139 -1  -2
1 -1 117 -1 143 -1  -2
1 -1 117 -1 144 -1  -2
1 -1 117 -1 143 -1 246 -1 253 -1  -2
22 -1 117 -1  -2
22 -1 118 -1  -2
35 -1 117 -1 246 -1  -2
35 -1 117 -1 245 -1  -2
18 -1 245 -1  -2
18 -1 246 -1  -2
1 -1 246 -1 253 -1  -2
8 -1 29 -1 253 -1  -2
18 -1 26 -1 117 -1 253 -1  -2
110 -1 118 -1 143 -1 144 -1 253 -1  -2
26 -1 132 -1 245 -1  -2
35 -1 117 -1 253 -1  -2
18 -1 253 -1  -2
17 -1 18 -1 143 -1  -2
17 -1 18 -1 144 -1  -2
1 -1 118 -1 132 -1  -2
8 -1 35 -1 78 -1  -2
26 -1 132 -1 253 -1  -2
8 -1 35 -1 79 -1  -2
17 -1 22 -1 26 -1  -2
1 -1 118 -1 139 -1  -2
1 -1 117 -1 143 -1 245 -1 253 -1  -2
1 -1 118 -1 143 -1  -2
22 -1 143 -1  -2
1 -1 118 -1 144 -1  -2
22 -1 144 -1  -2
8 -1 17 -1 18 -1 143 -1 253 -1  -2
8 -1 17 -1 117 -1 245 -1 253 -1  -2
23 -1 117 -1  -2
35 -1 118 -1 245 -1  -2
26 -1 27 -1  -2
17 -1 35 -1 143 -1 144 -1  -2
19 -1 245 -1  -2
26 -1 28 -1  -2
26 -1 29 -1  -2
1 -1 143 -1 144 -1 245 -1  -2
19 -1 246 -1  -2
9 -1 26 -1 143 -1 245 -1 253 -1  -2
26 -1 30 -1  -2
1 -1 143 -1 144 -1 246 -1  -2
26 -1 31 -1  -2
8 -1 30 -1 253 -1  -2
26 -1 32 -1  -2
1 -1 144 -1 245 -1 253 -1  -2
35 -1 118 -1 253 -1  -2
26 -1 33 -1  -2
26 -1 34 -1  -2
26 -1 35 -1  -2
19 -1 253 -1  -2
26 -1 36 -1  -2
1 -1 143 -1 144 -1 253 -1  -2
13 -1 143 -1 144 -1  -2
26 -1 38 -1  -2
26 -1 39 -1  -2
26 -1 41 -1  -2
18 -1 117 -1 245 -1  -2
26 -1 133 -1 253 -1  -2
8 -1 35 -1 110 -1  -2
18 -1 117 -1 246 -1  -2
26 -1 45 -1  -2
27 -1 117 -1 143 -1 253 -1  -2
8 -1 35 -1 113 -1  -2
23 -1 143 -1  -2
8 -1 35 -1 117 -1  -2
18 -1 117 -1 253 -1  -2
118 -1 139 -1 143 -1 245 -1  -2
8 -1 35 -1 118 -1  -2
23 -1 144 -1  -2
27 -1 117 -1 143 -1 245 -1  -2
8 -1 31 -1 245 -1  -2
9 -1 132 -1 253 -1  -2
118 -1 139 -1 143 -1 253 -1  -2
20 -1 245 -1  -2
27 -1 28 -1  -2
20 -1 246 -1  -2
8 -1 31 -1 253 -1  -2
1 -1 144 -1 246 -1 253 -1  -2
17 -1 26 -1 27 -1 143 -1  -2
27 -1 35 -1  -2
8 -1 35 -1 133 -1  -2
20 -1 253 -1  -2
27 -1 36 -1  -2
1 -1 36 -1 117 -1 143 -1 253 -1  -2
8 -1 17 -1 117 -1 118 -1 143 -1  -2
8 -1 35 -1 143 -1 245 -1 253 -1  -2
8 -1 35 -1 139 -1  -2
18 -1 118 -1 245 -1  -2
8 -1 35 -1 143 -1  -2
8 -1 35 -1 144 -1  -2
9 -1 35 -1 36 -1 143 -1  -2
27 -1 117 -1 144 -1 253 -1  -2
26 -1 78 -1  -2
26 -1 79 -1  -2
9 -1 117 -1 133 -1 253 -1  -2
8 -1 36 -1 117 -1  -2
18 -1 118 -1 253 -1  -2
24 -1 143 -1  -2
17 -1 149 -1 253 -1  -2
8 -1 36 -1 118 -1  -2
1 -1 117 -1 245 -1  -2
9 -1 133 -1 253 -1  -2
1 -1 117 -1 246 -1  -2
8 -1 118 -1 143 -1 144 -1  -2
8 -1 32 -1 253 -1  -2
1 -1 28 -1 143 -1 253 -1  -2
28 -1 35 -1  -2
1 -1 117 -1 253 -1  -2
21 -1 253 -1  -2
28 -1 36 -1  -2
8 -1 36 -1 143 -1  -2
8 -1 36 -1 144 -1  -2
17 -1 18 -1 245 -1  -2
17 -1 18 -1 246 -1  -2
26 -1 110 -1  -2
17 -1 18 -1 143 -1 144 -1  -2
26 -1 113 -1  -2
8 -1 9 -1 36 -1 143 -1 253 -1  -2
17 -1 18 -1 253 -1  -2
9 -1 117 -1 118 -1 245 -1 253 -1  -2
26 -1 117 -1  -2
26 -1 118 -1  -2
26 -1 139 -1 143 -1  -2
8 -1 17 -1 117 -1 118 -1 253 -1  -2
13 -1 17 -1 35 -1  -2
1 -1 118 -1 245 -1  -2
22 -1 245 -1  -2
1 -1 118 -1 246 -1  -2
22 -1 246 -1  -2
9 -1 117 -1 139 -1 143 -1  -2
26 -1 110 -1 139 -1 143 -1  -2
78 -1 79 -1 143 -1 253 -1  -2
1 -1 110 -1 245 -1 253 -1  -2
1 -1 118 -1 253 -1  -2
31 -1 245 -1 253 -1  -2
22 -1 253 -1  -2
17 -1 22 -1 143 -1  -2
26 -1 132 -1  -2
26 -1 133 -1  -2
17 -1 35 -1 143 -1 245 -1  -2
17 -1 26 -1 27 -1  -2
26 -1 139 -1  -2
13 -1 143 -1 245 -1  -2
27 -1 110 -1  -2
17 -1 133 -1 143 -1 253 -1  -2
17 -1 26 -1 31 -1  -2
26 -1 143 -1  -2
35 -1 113 -1 117 -1 143 -1  -2
26 -1 144 -1  -2
31 -1 117 -1 143 -1  -2
17 -1 26 -1 35 -1  -2
13 -1 143 -1 253 -1  -2
17 -1 19 -1 253 -1  -2
17 -1 26 -1 36 -1  -2
27 -1 117 -1  -2
27 -1 118 -1  -2
23 -1 245 -1  -2
23 -1 246 -1  -2
8 -1 34 -1 253 -1  -2
31 -1 246 -1 253 -1  -2
35 -1 78 -1 143 -1 253 -1  -2
9 -1 35 -1 36 -1 253 -1  -2
23 -1 253 -1  -2
27 -1 132 -1  -2
17 -1 36 -1 245 -1 253 -1  -2
8 -1 9 -1 117 -1 144 -1 253 -1  -2
9 -1 139 -1 143 -1  -2
27 -1 139 -1  -2
1 -1 110 -1 117 -1 139 -1  -2
27 -1 143 -1  -2
14 -1 245 -1 253 -1  -2
27 -1 144 -1  -2
17 -1 35 -1 143 -1 253 -1  -2
1 -1 110 -1 117 -1 143 -1  -2
26 -1 117 -1 118 -1 245 -1 253 -1  -2
8 -1 35 -1 245 -1  -2
17 -1 20 -1 253 -1  -2
13 -1 144 -1 253 -1  -2
28 -1 117 -1  -2
8 -1 35 -1 246 -1  -2
28 -1 118 -1  -2
27 -1 110 -1 143 -1  -2
1 -1 139 -1 143 -1 144 -1  -2
17 -1 26 -1 143 -1 144 -1 253 -1  -2
8 -1 35 -1 253 -1  -2
17 -1 26 -1 78 -1  -2
31 -1 35 -1  -2
24 -1 253 -1  -2
8 -1 118 -1 143 -1 245 -1  -2
17 -1 18 -1 143 -1 253 -1  -2
14 -1 117 -1 143 -1  -2
8 -1 118 -1 143 -1 253 -1  -2
13 -1 17 -1 117 -1  -2
10 -1 110 -1 117 -1  -2
28 -1 143 -1  -2
28 -1 144 -1  -2
17 -1 35 -1 144 -1 253 -1  -2
1 -1 110 -1 118 -1 143 -1  -2
8 -1 36 -1 245 -1  -2
17 -1 36 -1 117 -1 143 -1  -2
8 -1 36 -1 246 -1  -2
17 -1 26 -1 27 -1 253 -1  -2
17 -1 117 -1 245 -1 253 -1  -2
17 -1 18 -1 143 -1 245 -1  -2
8 -1 36 -1 253 -1  -2
17 -1 110 -1 139 -1 143 -1 253 -1  -2
26 -1 139 -1 245 -1  -2
17 -1 26 -1 110 -1  -2
25 -1 253 -1  -2
8 -1 118 -1 144 -1 245 -1  -2
17 -1 117 -1 118 -1 144 -1  -2
17 -1 117 -1 118 -1 143 -1  -2
13 -1 17 -1 143 -1  -2
10 -1 110 -1 143 -1  -2
17 -1 26 -1 117 -1  -2
26 -1 139 -1 253 -1  -2
17 -1 26 -1 118 -1  -2
9 -1 117 -1 139 -1 253 -1  -2
17 -1 22 -1 245 -1  -2
8 -1 35 -1 78 -1 143 -1  -2
29 -1 143 -1  -2
9 -1 10 -1 117 -1  -2
78 -1 245 -1 253 -1  -2
35 -1 143 -1 245 -1 253 -1  -2
17 -1 22 -1 253 -1  -2
17 -1 18 -1 144 -1 253 -1  -2
26 -1 143 -1 144 -1  -2
17 -1 117 -1 246 -1 253 -1  -2
26 -1 245 -1  -2
26 -1 246 -1  -2
13 -1 143 -1 245 -1 253 -1  -2
8 -1 37 -1 253 -1  -2
1 -1 139 -1 143 -1 245 -1  -2
26 -1 253 -1  -2
17 -1 26 -1 143 -1  -2
1 -1 110 -1 117 -1 253 -1  -2
17 -1 26 -1 144 -1  -2
78 -1 117 -1 143 -1  -2
31 -1 117 -1 253 -1  -2
1 -1 139 -1 143 -1 253 -1  -2
17 -1 27 -1 117 -1  -2
9 -1 10 -1 143 -1  -2
26 -1 110 -1 143 -1 144 -1  -2
30 -1 143 -1  -2
9 -1 139 -1 245 -1  -2
78 -1 246 -1 253 -1  -2
17 -1 23 -1 253 -1  -2
31 -1 117 -1  -2
9 -1 139 -1 253 -1  -2
27 -1 245 -1  -2
27 -1 246 -1  -2
26 -1 110 -1 139 -1 253 -1  -2
9 -1 117 -1 143 -1 144 -1  -2
1 -1 110 -1 117 -1 245 -1  -2
8 -1 38 -1 253 -1  -2
27 -1 253 -1  -2
8 -1 17 -1 110 -1 117 -1  -2
17 -1 27 -1 143 -1  -2
35 -1 7 -1  -2
1 -1 110 -1 118 -1 253 -1  -2
17 -1 27 -1 144 -1  -2
17 -1 35 -1 117 -1 143 -1 253 -1  -2
1 -1 139 -1 144 -1 253 -1  -2
9 -1 143 -1 144 -1  -2
27 -1 110 -1 253 -1  -2
17 -1 36 -1 117 -1 253 -1  -2
17 -1 26 -1 35 -1 117 -1  -2
9 -1 11 -1 143 -1  -2
31 -1 143 -1  -2
31 -1 144 -1  -2
14 -1 117 -1 253 -1  -2
18 -1 132 -1 143 -1 253 -1  -2
28 -1 245 -1  -2
28 -1 246 -1  -2
8 -1 17 -1 143 -1 144 -1 253 -1  -2
8 -1 39 -1 253 -1  -2
17 -1 35 -1 117 -1 143 -1 245 -1  -2
17 -1 26 -1 35 -1 143 -1  -2
28 -1 253 -1  -2
35 -1 36 -1  -2
17 -1 28 -1 143 -1  -2
35 -1 41 -1  -2
1 -1 118 -1 139 -1 143 -1  -2
1 -1 118 -1 139 -1 144 -1  -2
17 -1 35 -1 36 -1 143 -1 253 -1  -2
32 -1 143 -1  -2
13 -1 17 -1 245 -1  -2
35 -1 143 -1 246 -1 253 -1  -2
13 -1 17 -1 253 -1  -2
29 -1 245 -1  -2
8 -1 17 -1 110 -1 143 -1  -2
8 -1 40 -1 253 -1  -2
26 -1 143 -1 245 -1  -2
9 -1 117 -1 143 -1 245 -1  -2
26 -1 143 -1 246 -1  -2
26 -1 110 -1 143 -1 245 -1  -2
29 -1 253 -1  -2
35 -1 117 -1 133 -1 143 -1  -2
9 -1 117 -1 143 -1 246 -1  -2
26 -1 143 -1 253 -1  -2
9 -1 117 -1 143 -1 253 -1  -2
9 -1 17 -1 18 -1  -2
9 -1 13 -1 143 -1  -2
17 -1 26 -1 245 -1  -2
35 -1 78 -1  -2
17 -1 26 -1 246 -1  -2
35 -1 132 -1 143 -1  -2
35 -1 79 -1  -2
9 -1 36 -1 143 -1 245 -1  -2
9 -1 17 -1 26 -1  -2
9 -1 17 -1 27 -1  -2
17 -1 26 -1 253 -1  -2
17 -1 117 -1 118 -1 245 -1  -2
9 -1 10 -1 245 -1  -2
78 -1 117 -1 253 -1  -2
17 -1 245 -1 246 -1 253 -1  -2
9 -1 36 -1 143 -1 253 -1  -2
8 -1 35 -1 78 -1 253 -1  -2
9 -1 17 -1 35 -1  -2
18 -1 35 -1 117 -1 143 -1  -2
8 -1 41 -1 253 -1  -2
9 -1 10 -1 253 -1  -2
9 -1 17 -1 36 -1  -2
17 -1 117 -1 118 -1 253 -1  -2
27 -1 117 -1 118 -1  -2
8 -1 9 -1 17 -1 245 -1 253 -1  -2
26 -1 144 -1 245 -1  -2
26 -1 144 -1 246 -1  -2
30 -1 253 -1  -2
9 -1 117 -1 144 -1 245 -1  -2
9 -1 118 -1 245 -1 253 -1  -2
27 -1 245 -1 253 -1  -2
26 -1 144 -1 253 -1  -2
20 -1 117 -1 143 -1 253 -1  -2
9 -1 117 -1 144 -1 253 -1  -2
17 -1 27 -1 245 -1  -2
36 -1 78 -1  -2
35 -1 110 -1  -2
36 -1 79 -1  -2
35 -1 133 -1 143 -1  -2
9 -1 143 -1 245 -1  -2
35 -1 113 -1  -2
9 -1 143 -1 246 -1  -2
26 -1 27 -1 117 -1 143 -1 253 -1  -2
17 -1 27 -1 253 -1  -2
35 -1 117 -1  -2
35 -1 118 -1  -2
27 -1 117 -1 143 -1  -2
27 -1 117 -1 144 -1  -2
9 -1 143 -1 253 -1  -2
31 -1 245 -1  -2
31 -1 246 -1  -2
26 -1 110 -1 143 -1 253 -1  -2
9 -1 11 -1 253 -1  -2
18 -1 132 -1 143 -1  -2
1 -1 110 -1 117 -1 139 -1 143 -1  -2
31 -1 253 -1  -2
17 -1 31 -1 143 -1  -2
27 -1 246 -1 253 -1  -2
35 -1 132 -1  -2
35 -1 133 -1  -2
35 -1 139 -1  -2
10 -1 117 -1 118 -1  -2
17 -1 26 -1 35 -1 245 -1  -2
36 -1 110 -1  -2
8 -1 17 -1 110 -1 253 -1  -2
35 -1 143 -1  -2
9 -1 144 -1 245 -1  -2
35 -1 144 -1  -2
36 -1 113 -1  -2
9 -1 144 -1 246 -1  -2
10 -1 245 -1 253 -1  -2
17 -1 28 -1 253 -1  -2
17 -1 35 -1 36 -1  -2
36 -1 117 -1  -2
36 -1 118 -1  -2
27 -1 118 -1 143 -1  -2
35 -1 149 -1  -2
27 -1 118 -1 144 -1  -2
9 -1 144 -1 253 -1  -2
32 -1 245 -1  -2
8 -1 17 -1 113 -1 143 -1  -2
18 -1 133 -1 143 -1  -2
32 -1 253 -1  -2
1 -1 8 -1 245 -1 253 -1  -2
8 -1 9 -1 17 -1 117 -1 143 -1  -2
36 -1 132 -1  -2
36 -1 133 -1  -2
27 -1 144 -1 245 -1 253 -1  -2
10 -1 117 -1 143 -1  -2
10 -1 117 -1 144 -1  -2
27 -1 143 -1 144 -1 245 -1  -2
1 -1 118 -1 143 -1 144 -1  -2
36 -1 139 -1  -2
1 -1 132 -1 143 -1  -2
36 -1 143 -1  -2
9 -1 17 -1 117 -1  -2
17 -1 113 -1 117 -1 143 -1  -2
1 -1 132 -1 144 -1  -2
18 -1 35 -1 117 -1 253 -1  -2
36 -1 144 -1  -2
9 -1 17 -1 118 -1  -2
10 -1 246 -1 253 -1  -2
1 -1 118 -1 139 -1 245 -1  -2
8 -1 17 -1 110 -1 117 -1 143 -1  -2
17 -1 29 -1 253 -1  -2
18 -1 117 -1 143 -1 144 -1 253 -1  -2
17 -1 26 -1 35 -1 253 -1  -2
36 -1 149 -1  -2
1 -1 118 -1 139 -1 253 -1  -2
9 -1 13 -1 253 -1  -2
8 -1 44 -1 253 -1  -2
35 -1 132 -1 253 -1  -2
17 -1 35 -1 78 -1  -2
17 -1 35 -1 79 -1  -2
33 -1 253 -1  -2
10 -1 118 -1 143 -1  -2
9 -1 17 -1 143 -1  -2
9 -1 17 -1 144 -1  -2
1 -1 133 -1 143 -1  -2
37 -1 143 -1  -2
9 -1 18 -1 117 -1  -2
9 -1 18 -1 118 -1  -2
1 -1 117 -1 118 -1 245 -1 253 -1  -2
22 -1 143 -1 144 -1  -2
8 -1 45 -1 253 -1  -2
9 -1 14 -1 253 -1  -2
8 -1 110 -1 139 -1 143 -1  -2
27 -1 117 -1 245 -1  -2
17 -1 35 -1 110 -1  -2
35 -1 133 -1 253 -1  -2
34 -1 253 -1  -2
8 -1 9 -1 17 -1 117 -1 253 -1  -2
27 -1 143 -1 144 -1 253 -1  -2
17 -1 35 -1 113 -1  -2
8 -1 35 -1 118 -1 143 -1 253 -1  -2
8 -1 17 -1 245 -1 253 -1  -2
13 -1 26 -1 143 -1  -2
17 -1 35 -1 117 -1  -2
27 -1 117 -1 253 -1  -2
17 -1 35 -1 118 -1  -2
8 -1 17 -1 113 -1 253 -1  -2
9 -1 18 -1 143 -1  -2
9 -1 18 -1 144 -1  -2
17 -1 31 -1 245 -1  -2
38 -1 143 -1  -2
18 -1 132 -1 253 -1  -2
1 -1 26 -1 143 -1 245 -1 253 -1  -2
17 -1 31 -1 253 -1  -2
35 -1 245 -1  -2
35 -1 246 -1  -2
8 -1 46 -1 253 -1  -2
17 -1 35 -1 139 -1  -2
8 -1 17 -1 117 -1 118 -1  -2
27 -1 118 -1 245 -1  -2
35 -1 253 -1  -2
17 -1 78 -1 143 -1 253 -1  -2
10 -1 35 -1 143 -1 253 -1  -2
117 -1 132 -1 143 -1 253 -1  -2
17 -1 35 -1 143 -1  -2
17 -1 35 -1 144 -1  -2
10 -1 117 -1 245 -1 253 -1  -2
17 -1 36 -1 117 -1  -2
27 -1 118 -1 253 -1  -2
17 -1 18 -1 26 -1 143 -1  -2
8 -1 17 -1 246 -1 253 -1  -2
35 -1 117 -1 139 -1 143 -1  -2
10 -1 117 -1 245 -1  -2
39 -1 143 -1  -2
18 -1 133 -1 253 -1  -2
1 -1 118 -1 143 -1 245 -1  -2
1 -1 132 -1 245 -1  -2
10 -1 117 -1 253 -1  -2
36 -1 245 -1  -2
36 -1 246 -1  -2
8 -1 17 -1 117 -1 143 -1  -2
8 -1 17 -1 117 -1 144 -1  -2
1 -1 132 -1 253 -1  -2
36 -1 253 -1  -2
17 -1 36 -1 143 -1  -2
17 -1 36 -1 144 -1  -2
35 -1 117 -1 139 -1 143 -1 253 -1  -2
1 -1 8 -1 9 -1  -2
8 -1 110 -1 139 -1 245 -1  -2
35 -1 139 -1 143 -1  -2
40 -1 143 -1  -2
1 -1 8 -1 17 -1  -2
8 -1 110 -1 139 -1 253 -1  -2
9 -1 17 -1 245 -1  -2
9 -1 17 -1 246 -1  -2
41 -1 117 -1  -2
1 -1 133 -1 245 -1  -2
10 -1 118 -1 253 -1  -2
8 -1 17 -1 118 -1 143 -1  -2
37 -1 245 -1  -2
1 -1 8 -1 26 -1  -2
1 -1 118 -1 143 -1 253 -1  -2
9 -1 17 -1 253 -1  -2
1 -1 133 -1 253 -1  -2
37 -1 253 -1  -2
22 -1 143 -1 245 -1  -2
1 -1 8 -1 35 -1  -2
22 -1 143 -1 246 -1  -2
17 -1 113 -1 117 -1 253 -1  -2
22 -1 143 -1 253 -1  -2
9 -1 113 -1 143 -1 253 -1  -2
9 -1 118 -1 143 -1 144 -1 253 -1  -2
110 -1 117 -1 118 -1 143 -1 253 -1  -2
41 -1 143 -1  -2
1 -1 9 -1 17 -1  -2
1 -1 9 -1 18 -1  -2
36 -1 110 -1 118 -1  -2
9 -1 18 -1 245 -1  -2
36 -1 110 -1 117 -1  -2
13 -1 26 -1 253 -1  -2
38 -1 245 -1  -2
1 -1 9 -1 26 -1  -2
10 -1 117 -1 118 -1 143 -1  -2
1 -1 9 -1 27 -1  -2
1 -1 118 -1 144 -1 253 -1  -2
9 -1 18 -1 253 -1  -2
18 -1 139 -1 143 -1  -2
38 -1 253 -1  -2
1 -1 9 -1 35 -1  -2
35 -1 118 -1 143 -1 245 -1 253 -1  -2
1 -1 9 -1 36 -1  -2
23 -1 245 -1 253 -1  -2
17 -1 143 -1 245 -1 253 -1  -2
8 -1 17 -1 117 -1 253 -1  -2
9 -1 22 -1 143 -1  -2
36 -1 110 -1 139 -1  -2
17 -1 35 -1 245 -1  -2
22 -1 144 -1 253 -1  -2
17 -1 35 -1 246 -1  -2
36 -1 110 -1 143 -1  -2
17 -1 27 -1 143 -1 245 -1  -2
9 -1 26 -1 27 -1  -2
17 -1 35 -1 253 -1  -2
17 -1 27 -1 143 -1 253 -1  -2
39 -1 245 -1  -2
23 -1 117 -1 143 -1  -2
9 -1 26 -1 35 -1  -2
5 -1 143 -1 253 -1  -2
9 -1 19 -1 253 -1  -2
9 -1 26 -1 36 -1  -2
27 -1 117 -1 143 -1 245 -1 253 -1  -2
39 -1 253 -1  -2
8 -1 17 -1 117 -1 245 -1  -2
8 -1 17 -1 117 -1 246 -1  -2
23 -1 246 -1 253 -1  -2
17 -1 143 -1 246 -1 253 -1  -2
17 -1 36 -1 245 -1  -2
8 -1 17 -1 118 -1 253 -1  -2
1 -1 139 -1 143 -1  -2
1 -1 139 -1 144 -1  -2
117 -1 118 -1 143 -1 245 -1 253 -1  -2
17 -1 36 -1 253 -1  -2
35 -1 117 -1 143 -1 144 -1  -2
1 -1 8 -1 117 -1  -2
35 -1 139 -1 245 -1  -2
9 -1 20 -1 253 -1  -2
17 -1 18 -1 26 -1 253 -1  -2
35 -1 139 -1 253 -1  -2
40 -1 253 -1  -2
35 -1 117 -1 139 -1 253 -1  -2
8 -1 17 -1 118 -1 245 -1  -2
1 -1 18 -1 117 -1 143 -1 253 -1  -2
35 -1 36 -1 143 -1 144 -1  -2
35 -1 143 -1 144 -1  -2
44 -1 143 -1  -2
8 -1 110 -1 143 -1 253 -1  -2
9 -1 79 -1 143 -1 253 -1  -2
1 -1 8 -1 143 -1  -2
35 -1 143 -1 149 -1  -2
1 -1 9 -1 117 -1  -2
41 -1 245 -1  -2
1 -1 9 -1 118 -1  -2
8 -1 36 -1 117 -1 143 -1 253 -1  -2
26 -1 27 -1 117 -1  -2
26 -1 27 -1 118 -1  -2
41 -1 253 -1  -2
110 -1 117 -1 118 -1 143 -1 144 -1  -2
17 -1 117 -1 133 -1 143 -1  -2
8 -1 110 -1 143 -1 245 -1  -2
36 -1 113 -1 143 -1  -2
13 -1 117 -1 143 -1 253 -1  -2
9 -1 26 -1 117 -1  -2
45 -1 143 -1  -2
9 -1 26 -1 118 -1  -2
1 -1 9 -1 143 -1  -2
1 -1 9 -1 144 -1  -2
8 -1 78 -1 79 -1 253 -1  -2
8 -1 26 -1 110 -1 117 -1  -2
36 -1 110 -1 245 -1  -2
26 -1 27 -1 143 -1  -2
26 -1 27 -1 144 -1  -2
8 -1 53 -1 253 -1  -2
9 -1 22 -1 253 -1  -2
8 -1 26 -1 35 -1 143 -1 253 -1  -2
18 -1 143 -1 144 -1  -2
36 -1 110 -1 253 -1  -2
42 -1 253 -1  -2
8 -1 117 -1 143 -1 245 -1 253 -1  -2
1 -1 6 -1 253 -1  -2
13 -1 117 -1 143 -1 245 -1  -2
9 -1 26 -1 143 -1  -2
9 -1 26 -1 144 -1  -2
23 -1 117 -1 253 -1  -2
46 -1 143 -1  -2
9 -1 27 -1 117 -1  -2
26 -1 118 -1 143 -1 144 -1 253 -1  -2
1 -1 10 -1 143 -1  -2
35 -1 117 -1 143 -1 246 -1  -2
35 -1 117 -1 143 -1 245 -1  -2
8 -1 26 -1 110 -1 143 -1  -2
133 -1 143 -1 245 -1  -2
1 -1 139 -1 245 -1  -2
9 -1 23 -1 253 -1  -2
35 -1 36 -1 143 -1 253 -1  -2
133 -1 143 -1 253 -1  -2
1 -1 139 -1 253 -1  -2
43 -1 253 -1  -2
8 -1 117 -1 143 -1 246 -1 253 -1  -2
1 -1 7 -1 253 -1  -2
35 -1 36 -1 143 -1 245 -1  -2
13 -1 35 -1 143 -1  -2
9 -1 27 -1 143 -1  -2
8 -1 13 -1 245 -1 253 -1  -2
9 -1 27 -1 144 -1  -2
53 -1 245 -1 253 -1  -2
9 -1 143 -1 144 -1 253 -1  -2
9 -1 117 -1 118 -1 143 -1 144 -1  -2
1 -1 143 -1 144 -1  -2
18 -1 26 -1 143 -1 253 -1  -2
35 -1 118 -1 245 -1 253 -1  -2
9 -1 144 -1 245 -1 253 -1  -2
26 -1 27 -1 143 -1 245 -1 253 -1  -2
1 -1 143 -1 149 -1  -2
9 -1 143 -1 144 -1 245 -1 253 -1  -2
17 -1 35 -1 36 -1 143 -1  -2
35 -1 143 -1 246 -1  -2
35 -1 143 -1 245 -1  -2
44 -1 245 -1  -2
17 -1 117 -1 133 -1 253 -1  -2
1 -1 8 -1 245 -1  -2
35 -1 143 -1 253 -1  -2
44 -1 253 -1  -2
17 -1 35 -1 143 -1 245 -1 253 -1  -2
1 -1 8 -1 253 -1  -2
9 -1 143 -1 144 -1 245 -1  -2
8 -1 9 -1 110 -1 117 -1  -2
18 -1 26 -1 143 -1 245 -1  -2
9 -1 28 -1 143 -1  -2
1 -1 132 -1 245 -1 253 -1  -2
35 -1 117 -1 143 -1 253 -1  -2
1 -1 110 -1 139 -1 143 -1  -2
8 -1 17 -1 117 -1 143 -1 144 -1  -2
17 -1 41 -1 253 -1  -2
36 -1 117 -1 118 -1  -2
35 -1 144 -1 245 -1  -2
36 -1 245 -1 253 -1  -2
110 -1 117 -1 118 -1 139 -1 143 -1  -2
1 -1 9 -1 245 -1  -2
1 -1 9 -1 246 -1  -2
35 -1 144 -1 253 -1  -2
36 -1 113 -1 253 -1  -2
35 -1 117 -1 143 -1 144 -1 253 -1  -2
45 -1 253 -1  -2
8 -1 9 -1 110 -1 143 -1  -2
26 -1 27 -1 245 -1  -2
1 -1 9 -1 253 -1  -2
26 -1 27 -1 246 -1  -2
18 -1 143 -1 245 -1  -2
117 -1 245 -1 246 -1  -2
18 -1 143 -1 246 -1  -2
17 -1 18 -1 35 -1 143 -1  -2
36 -1 117 -1 139 -1  -2
26 -1 27 -1 253 -1  -2
36 -1 117 -1 143 -1  -2
117 -1 245 -1 253 -1  -2
18 -1 143 -1 253 -1  -2
35 -1 117 -1 144 -1 253 -1  -2
36 -1 117 -1 144 -1  -2
1 -1 17 -1 18 -1  -2
35 -1 110 -1 117 -1 143 -1 253 -1  -2
9 -1 26 -1 245 -1  -2
9 -1 26 -1 246 -1  -2
27 -1 132 -1 143 -1  -2
46 -1 245 -1  -2
1 -1 17 -1 26 -1  -2
1 -1 10 -1 245 -1  -2
9 -1 26 -1 253 -1  -2
36 -1 246 -1 253 -1  -2
46 -1 253 -1  -2
9 -1 28 -1 143 -1 253 -1  -2
1 -1 17 -1 35 -1  -2
1 -1 10 -1 253 -1  -2
8 -1 17 -1 117 -1 143 -1 253 -1  -2
18 -1 144 -1 245 -1  -2
1 -1 17 -1 245 -1 253 -1  -2
117 -1 246 -1 253 -1  -2
19 -1 245 -1 253 -1  -2
26 -1 35 -1 36 -1  -2
36 -1 118 -1 144 -1  -2
36 -1 118 -1 143 -1  -2
8 -1 17 -1 117 -1 143 -1 245 -1  -2
18 -1 144 -1 253 -1  -2
1 -1 117 -1 139 -1 143 -1 253 -1  -2
9 -1 27 -1 245 -1  -2
1 -1 17 -1 117 -1 143 -1  -2
1 -1 143 -1 245 -1  -2
13 -1 35 -1 253 -1  -2
79 -1 117 -1 143 -1 253 -1  -2
1 -1 143 -1 246 -1  -2
1 -1 18 -1 26 -1  -2
9 -1 27 -1 253 -1  -2
110 -1 117 -1 139 -1 143 -1 253 -1  -2
117 -1 118 -1 139 -1  -2
117 -1 118 -1 144 -1  -2
19 -1 117 -1 143 -1  -2
1 -1 143 -1 253 -1  -2
47 -1 253 -1  -2
117 -1 118 -1 143 -1  -2
8 -1 26 -1 110 -1 253 -1  -2
1 -1 18 -1 35 -1  -2
1 -1 11 -1 253 -1  -2
110 -1 117 -1 139 -1 143 -1 245 -1  -2
17 -1 117 -1 139 -1 143 -1  -2
8 -1 9 -1 110 -1 253 -1  -2
1 -1 144 -1 245 -1  -2
13 -1 36 -1 253 -1  -2
1 -1 144 -1 246 -1  -2
2 -1 245 -1 253 -1  -2
9 -1 28 -1 253 -1  -2
9 -1 35 -1 36 -1  -2
17 -1 18 -1 35 -1 253 -1  -2
1 -1 144 -1 253 -1  -2
48 -1 253 -1  -2
22 -1 26 -1 117 -1  -2
1 -1 12 -1 253 -1  -2
8 -1 9 -1 113 -1 143 -1  -2
9 -1 110 -1 117 -1 143 -1  -2
1 -1 26 -1 117 -1 143 -1 253 -1  -2
17 -1 35 -1 36 -1 253 -1  -2
36 -1 117 -1 245 -1 253 -1  -2
1 -1 118 -1 143 -1 245 -1 253 -1  -2
2 -1 117 -1 143 -1  -2
9 -1 117 -1 118 -1 144 -1 253 -1  -2
53 -1 117 -1  -2
36 -1 117 -1 245 -1  -2
1 -1 17 -1 117 -1  -2
26 -1 35 -1 110 -1  -2
9 -1 117 -1 118 -1 143 -1 245 -1  -2
36 -1 117 -1 246 -1  -2
8 -1 26 -1 117 -1 118 -1  -2
8 -1 26 -1 245 -1 253 -1  -2
22 -1 26 -1 143 -1  -2
36 -1 117 -1 253 -1  -2
26 -1 35 -1 117 -1  -2
26 -1 35 -1 118 -1  -2
49 -1 253 -1  -2
1 -1 13 -1 253 -1  -2
1 -1 110 -1 139 -1 253 -1  -2
27 -1 132 -1 253 -1  -2
117 -1 143 -1 144 -1 245 -1 253 -1  -2
26 -1 31 -1 253 -1  -2
10 -1 143 -1 245 -1 253 -1  -2
53 -1 143 -1  -2
9 -1 117 -1 118 -1 143 -1 253 -1  -2
1 -1 17 -1 143 -1  -2
1 -1 17 -1 144 -1  -2
17 -1 117 -1 139 -1 253 -1  -2
1 -1 18 -1 117 -1  -2
36 -1 118 -1 245 -1  -2
26 -1 35 -1 143 -1  -2
26 -1 35 -1 144 -1  -2
8 -1 26 -1 246 -1 253 -1  -2
26 -1 36 -1 117 -1  -2
36 -1 117 -1 118 -1 143 -1  -2
36 -1 118 -1 253 -1  -2
50 -1 253 -1  -2
36 -1 117 -1 118 -1 144 -1  -2
1 -1 14 -1 253 -1  -2
117 -1 118 -1 245 -1  -2
27 -1 118 -1 143 -1 253 -1  -2
117 -1 118 -1 246 -1  -2
1 -1 17 -1 117 -1 253 -1  -2
8 -1 35 -1 143 -1 144 -1 253 -1  -2
17 -1 117 -1 139 -1 245 -1  -2
117 -1 118 -1 253 -1  -2
9 -1 35 -1 117 -1  -2
9 -1 35 -1 118 -1  -2
8 -1 26 -1 117 -1 144 -1  -2
1 -1 18 -1 143 -1  -2
1 -1 18 -1 144 -1  -2
110 -1 117 -1 139 -1 143 -1 144 -1  -2
8 -1 26 -1 117 -1 143 -1  -2
245 -1 246 -1 253 -1  -2
26 -1 132 -1 143 -1 253 -1  -2
35 -1 113 -1 143 -1 253 -1  -2
26 -1 36 -1 143 -1  -2
9 -1 139 -1 143 -1 253 -1  -2
9 -1 31 -1 253 -1  -2
8 -1 17 -1 133 -1 143 -1  -2
51 -1 253 -1  -2
8 -1 9 -1 117 -1 144 -1  -2
1 -1 15 -1 253 -1  -2
17 -1 117 -1 143 -1 144 -1  -2
8 -1 9 -1 117 -1 118 -1  -2
9 -1 35 -1 143 -1  -2
9 -1 35 -1 144 -1  -2
9 -1 36 -1 117 -1  -2
8 -1 9 -1 245 -1 253 -1  -2
17 -1 117 -1 143 -1 149 -1  -2
9 -1 110 -1 117 -1 253 -1  -2
9 -1 139 -1 143 -1 245 -1  -2
8 -1 26 -1 118 -1 143 -1  -2
8 -1 9 -1 113 -1 253 -1  -2
8 -1 26 -1 118 -1 144 -1  -2
31 -1 143 -1 245 -1  -2
2 -1 117 -1 253 -1  -2
52 -1 253 -1  -2
8 -1 9 -1 118 -1 143 -1  -2
31 -1 143 -1 253 -1  -2
1 -1 16 -1 253 -1  -2
8 -1 9 -1 118 -1 144 -1  -2
22 -1 26 -1 245 -1  -2
9 -1 36 -1 143 -1  -2
9 -1 36 -1 144 -1  -2
8 -1 9 -1 246 -1 253 -1  -2
22 -1 26 -1 253 -1  -2
27 -1 139 -1 143 -1  -2
53 -1 245 -1  -2
8 -1 26 -1 117 -1 245 -1  -2
9 -1 118 -1 139 -1 143 -1  -2
53 -1 246 -1  -2
1 -1 17 -1 245 -1  -2
8 -1 26 -1 117 -1 246 -1  -2
26 -1 35 -1 245 -1 253 -1  -2
1 -1 149 -1 253 -1  -2
53 -1 253 -1  -2
8 -1 26 -1 117 -1 253 -1  -2
26 -1 35 -1 245 -1  -2
1 -1 17 -1 253 -1  -2
17 -1 36 -1 143 -1 245 -1  -2
26 -1 35 -1 246 -1  -2
26 -1 117 -1 118 -1 143 -1 253 -1  -2
18 -1 26 -1 27 -1  -2
14 -1 143 -1 245 -1  -2
26 -1 35 -1 253 -1  -2
26 -1 117 -1 118 -1 143 -1 245 -1  -2
113 -1 245 -1 253 -1  -2
14 -1 143 -1 253 -1  -2
1 -1 117 -1 143 -1 144 -1 253 -1  -2
8 -1 26 -1 118 -1 245 -1  -2
113 -1 133 -1 143 -1 253 -1  -2
8 -1 36 -1 143 -1 245 -1 253 -1  -2
113 -1 117 -1 133 -1  -2
1 -1 18 -1 245 -1  -2
17 -1 117 -1 143 -1 253 -1  -2
54 -1 253 -1  -2
8 -1 26 -1 118 -1 253 -1  -2
113 -1 117 -1 143 -1  -2
26 -1 36 -1 245 -1  -2
1 -1 18 -1 253 -1  -2
9 -1 26 -1 143 -1 144 -1 253 -1  -2
26 -1 35 -1 246 -1 253 -1  -2
10 -1 139 -1 143 -1  -2
110 -1 117 -1 143 -1 144 -1 253 -1  -2
26 -1 36 -1 253 -1  -2
17 -1 36 -1 143 -1 253 -1  -2
15 -1 245 -1 253 -1  -2
1 -1 22 -1 143 -1  -2
9 -1 35 -1 245 -1  -2
17 -1 117 -1 143 -1 246 -1  -2
9 -1 35 -1 246 -1  -2
17 -1 117 -1 143 -1 245 -1  -2
26 -1 35 -1 117 -1 143 -1  -2
1 -1 26 -1 27 -1  -2
9 -1 35 -1 253 -1  -2
26 -1 143 -1 144 -1 245 -1 253 -1  -2
17 -1 117 -1 144 -1 253 -1  -2
1 -1 26 -1 35 -1  -2
8 -1 9 -1 118 -1 143 -1 253 -1  -2
1 -1 19 -1 253 -1  -2
1 -1 26 -1 36 -1  -2
8 -1 17 -1 133 -1 253 -1  -2
8 -1 9 -1 117 -1 246 -1  -2
78 -1 143 -1 245 -1  -2
8 -1 9 -1 117 -1 245 -1  -2
28 -1 117 -1 143 -1 253 -1  -2
35 -1 110 -1 117 -1 139 -1 143 -1  -2
9 -1 36 -1 245 -1  -2
17 -1 118 -1 245 -1 253 -1  -2
36 -1 117 -1 118 -1 253 -1  -2
78 -1 143 -1 253 -1  -2
8 -1 9 -1 117 -1 253 -1  -2
17 -1 117 -1 144 -1 245 -1  -2
9 -1 36 -1 253 -1  -2
1 -1 110 -1 117 -1 143 -1 253 -1  -2
56 -1 253 -1  -2
13 -1 143 -1 144 -1 253 -1  -2
1 -1 27 -1 35 -1  -2
1 -1 20 -1 253 -1  -2
22 -1 26 -1 143 -1 253 -1  -2
18 -1 26 -1 117 -1  -2
8 -1 9 -1 118 -1 245 -1  -2
35 -1 143 -1 144 -1 245 -1  -2
35 -1 144 -1 245 -1 253 -1  -2
79 -1 245 -1 253 -1  -2
8 -1 9 -1 118 -1 253 -1  -2
18 -1 22 -1 253 -1  -2
35 -1 143 -1 144 -1 253 -1  -2
27 -1 143 -1 144 -1  -2
8 -1 22 -1 245 -1 253 -1  -2
18 -1 26 -1 143 -1  -2
26 -1 35 -1 117 -1 253 -1  -2
79 -1 117 -1 143 -1  -2
8 -1 35 -1 110 -1 143 -1  -2
8 -1 35 -1 110 -1 117 -1  -2
113 -1 117 -1 253 -1  -2
1 -1 26 -1 117 -1  -2
9 -1 118 -1 143 -1 144 -1  -2
1 -1 26 -1 118 -1  -2
1 -1 22 -1 245 -1  -2
58 -1 253 -1  -2
18 -1 27 -1 143 -1  -2
1 -1 22 -1 253 -1  -2
10 -1 143 -1 144 -1  -2
8 -1 10 -1 117 -1 143 -1 253 -1  -2
143 -1 245 -1 246 -1  -2
143 -1 245 -1 253 -1  -2
1 -1 26 -1 143 -1  -2
1 -1 26 -1 144 -1  -2
44 -1 143 -1 253 -1  -2
1 -1 27 -1 117 -1  -2
26 -1 117 -1 118 -1 144 -1 253 -1  -2
1 -1 23 -1 253 -1  -2
26 -1 41 -1 253 -1  -2
26 -1 110 -1 139 -1 143 -1 253 -1  -2
1 -1 27 -1 143 -1  -2
1 -1 27 -1 144 -1  -2
18 -1 35 -1 143 -1 253 -1  -2
143 -1 246 -1 253 -1  -2
8 -1 117 -1 133 -1 143 -1 253 -1  -2
27 -1 143 -1 245 -1  -2
27 -1 143 -1 246 -1  -2
9 -1 118 -1 143 -1 245 -1  -2
27 -1 143 -1 253 -1  -2
35 -1 110 -1 245 -1 253 -1  -2
18 -1 26 -1 245 -1  -2
9 -1 118 -1 143 -1 253 -1  -2
10 -1 17 -1 26 -1  -2
35 -1 110 -1 117 -1 118 -1  -2
1 -1 28 -1 143 -1  -2
18 -1 26 -1 253 -1  -2
18 -1 117 -1 245 -1 253 -1  -2
79 -1 117 -1 253 -1  -2
10 -1 17 -1 35 -1  -2
9 -1 41 -1 253 -1  -2
117 -1 132 -1 143 -1  -2
27 -1 144 -1 245 -1  -2
28 -1 245 -1 253 -1  -2
8 -1 9 -1 35 -1 245 -1 253 -1  -2
18 -1 117 -1 118 -1 143 -1  -2
8 -1 22 -1 117 -1 253 -1  -2
27 -1 144 -1 253 -1  -2
8 -1 78 -1 79 -1  -2
9 -1 118 -1 144 -1 253 -1  -2
18 -1 27 -1 245 -1  -2
36 -1 133 -1 143 -1  -2
1 -1 26 -1 245 -1 253 -1  -2
10 -1 143 -1 245 -1  -2
22 -1 35 -1 253 -1  -2
10 -1 143 -1 246 -1  -2
8 -1 9 -1 35 -1 117 -1 143 -1  -2
18 -1 27 -1 253 -1  -2
8 -1 9 -1 17 -1 143 -1 253 -1  -2
28 -1 117 -1 143 -1  -2
10 -1 143 -1 253 -1  -2
1 -1 8 -1 143 -1 253 -1  -2
8 -1 17 -1 143 -1 144 -1  -2
35 -1 110 -1 117 -1 143 -1  -2
8 -1 35 -1 110 -1 253 -1  -2
1 -1 26 -1 117 -1 143 -1  -2
117 -1 133 -1 143 -1 253 -1  -2
1 -1 26 -1 245 -1  -2
117 -1 133 -1 143 -1  -2
1 -1 26 -1 246 -1  -2
8 -1 9 -1 17 -1 143 -1 245 -1  -2
35 -1 110 -1 117 -1 139 -1  -2
28 -1 246 -1 253 -1  -2
1 -1 26 -1 253 -1  -2
8 -1 110 -1 117 -1 139 -1 143 -1  -2
8 -1 78 -1 117 -1  -2
1 -1 26 -1 246 -1 253 -1  -2
10 -1 144 -1 245 -1  -2
11 -1 245 -1 253 -1  -2
18 -1 35 -1 36 -1  -2
36 -1 143 -1 246 -1 253 -1  -2
10 -1 144 -1 253 -1  -2
17 -1 113 -1 143 -1 253 -1  -2
8 -1 132 -1 143 -1 253 -1  -2
1 -1 27 -1 245 -1  -2
35 -1 110 -1 118 -1 143 -1  -2
1 -1 27 -1 246 -1  -2
1 -1 9 -1 245 -1 253 -1  -2
1 -1 27 -1 253 -1  -2
11 -1 117 -1 143 -1  -2
8 -1 78 -1 143 -1  -2
1 -1 9 -1 117 -1 143 -1  -2
10 -1 17 -1 117 -1  -2
8 -1 79 -1 117 -1  -2
8 -1 35 -1 117 -1 118 -1  -2
11 -1 246 -1 253 -1  -2
36 -1 143 -1 245 -1 253 -1  -2
1 -1 28 -1 253 -1  -2
1 -1 35 -1 36 -1  -2
8 -1 17 -1 143 -1 245 -1  -2
8 -1 17 -1 143 -1 246 -1  -2
8 -1 35 -1 117 -1 143 -1  -2
8 -1 35 -1 117 -1 144 -1  -2
8 -1 79 -1 143 -1  -2
10 -1 17 -1 143 -1  -2
8 -1 17 -1 143 -1 253 -1  -2
35 -1 110 -1 117 -1 253 -1  -2
117 -1 132 -1 253 -1  -2
35 -1 36 -1 117 -1  -2
35 -1 110 -1 117 -1 245 -1  -2
1 -1 26 -1 117 -1 245 -1  -2
35 -1 36 -1 118 -1  -2
8 -1 35 -1 245 -1 253 -1  -2
23 -1 143 -1 144 -1  -2
9 -1 45 -1 253 -1  -2
36 -1 133 -1 253 -1  -2
1 -1 29 -1 253 -1  -2
8 -1 18 -1 245 -1 253 -1  -2
8 -1 9 -1 35 -1 117 -1 253 -1  -2
18 -1 35 -1 117 -1  -2
28 -1 117 -1 253 -1  -2
8 -1 17 -1 144 -1 253 -1  -2
8 -1 110 -1 117 -1 143 -1 253 -1  -2
10 -1 117 -1 143 -1 245 -1  -2
8 -1 35 -1 118 -1 143 -1  -2
1 -1 26 -1 117 -1 253 -1  -2
35 -1 110 -1 118 -1 253 -1  -2
35 -1 36 -1 143 -1  -2
8 -1 110 -1 117 -1 143 -1 245 -1  -2
10 -1 117 -1 143 -1 253 -1  -2
35 -1 36 -1 144 -1  -2
117 -1 133 -1 253 -1  -2
35 -1 139 -1 143 -1 245 -1  -2
8 -1 35 -1 246 -1 253 -1  -2
18 -1 117 -1 118 -1 253 -1  -2
35 -1 139 -1 143 -1 253 -1  -2
17 -1 79 -1 143 -1 253 -1  -2
18 -1 117 -1 118 -1 245 -1  -2
18 -1 35 -1 143 -1  -2
8 -1 17 -1 144 -1 245 -1  -2
18 -1 35 -1 144 -1  -2
1 -1 30 -1 253 -1  -2
18 -1 36 -1 117 -1  -2
35 -1 118 -1 139 -1 143 -1  -2
11 -1 117 -1 245 -1  -2
1 -1 35 -1 110 -1  -2
8 -1 78 -1 245 -1  -2
1 -1 26 -1 118 -1 253 -1  -2
139 -1 245 -1 253 -1  -2
1 -1 35 -1 117 -1  -2
11 -1 117 -1 253 -1  -2
1 -1 35 -1 118 -1  -2
8 -1 9 -1 17 -1 18 -1 253 -1  -2
8 -1 78 -1 253 -1  -2
8 -1 18 -1 117 -1 143 -1  -2
18 -1 36 -1 143 -1  -2
1 -1 31 -1 253 -1  -2
1 -1 9 -1 117 -1 253 -1  -2
36 -1 139 -1 143 -1  -2
1 -1 35 -1 143 -1  -2
1 -1 35 -1 144 -1  -2
9 -1 35 -1 117 -1 143 -1 253 -1  -2
10 -1 17 -1 245 -1  -2
8 -1 35 -1 117 -1 245 -1  -2
1 -1 36 -1 117 -1  -2
41 -1 245 -1 253 -1  -2
1 -1 36 -1 118 -1  -2
8 -1 79 -1 253 -1  -2
10 -1 17 -1 253 -1  -2
117 -1 139 -1 143 -1  -2
17 -1 18 -1 143 -1 245 -1 253 -1  -2
117 -1 139 -1 144 -1  -2
23 -1 143 -1 245 -1  -2
1 -1 110 -1 139 -1 143 -1 253 -1  -2
8 -1 17 -1 18 -1 117 -1  -2
1 -1 32 -1 253 -1  -2
8 -1 9 -1 133 -1 143 -1  -2
17 -1 26 -1 117 -1 245 -1 253 -1  -2
23 -1 143 -1 253 -1  -2
1 -1 36 -1 143 -1  -2
1 -1 36 -1 144 -1  -2
113 -1 117 -1 133 -1 143 -1  -2
26 -1 35 -1 117 -1 143 -1 253 -1  -2
17 -1 144 -1 245 -1 253 -1  -2
8 -1 117 -1 143 -1 144 -1 253 -1  -2
17 -1 143 -1 144 -1 245 -1  -2
35 -1 36 -1 245 -1  -2
10 -1 18 -1 253 -1  -2
8 -1 17 -1 26 -1 245 -1 253 -1  -2
8 -1 17 -1 18 -1 143 -1  -2
8 -1 35 -1 117 -1 253 -1  -2
8 -1 117 -1 143 -1 144 -1 245 -1  -2
17 -1 143 -1 144 -1 253 -1  -2
35 -1 36 -1 253 -1  -2
8 -1 18 -1 117 -1 253 -1  -2
18 -1 35 -1 245 -1  -2
26 -1 27 -1 117 -1 143 -1  -2
18 -1 35 -1 253 -1  -2
26 -1 27 -1 245 -1 253 -1  -2
8 -1 35 -1 118 -1 253 -1  -2
1 -1 117 -1 118 -1 143 -1 253 -1  -2
17 -1 26 -1 35 -1 143 -1 253 -1  -2
113 -1 133 -1 143 -1  -2
9 -1 110 -1 139 -1 143 -1  -2
1 -1 34 -1 253 -1  -2
1 -1 117 -1 118 -1 143 -1 245 -1  -2
18 -1 36 -1 245 -1  -2
9 -1 17 -1 245 -1 253 -1  -2
17 -1 110 -1 117 -1 118 -1  -2
18 -1 36 -1 253 -1  -2
35 -1 118 -1 143 -1 144 -1  -2
8 -1 9 -1 133 -1 253 -1  -2
8 -1 26 -1 117 -1 143 -1 144 -1  -2
1 -1 35 -1 245 -1  -2
1 -1 35 -1 246 -1  -2
26 -1 27 -1 246 -1 253 -1  -2
36 -1 139 -1 253 -1  -2
36 -1 117 -1 139 -1 143 -1  -2
1 -1 35 -1 253 -1  -2
117 -1 139 -1 245 -1  -2
9 -1 17 -1 246 -1 253 -1  -2
17 -1 110 -1 117 -1 139 -1  -2
8 -1 17 -1 18 -1 253 -1  -2
117 -1 139 -1 253 -1  -2
36 -1 143 -1 144 -1  -2
8 -1 17 -1 26 -1 117 -1 143 -1  -2
17 -1 110 -1 117 -1 143 -1  -2
1 -1 36 -1 245 -1  -2
9 -1 17 -1 117 -1 143 -1  -2
17 -1 110 -1 245 -1 253 -1  -2
117 -1 143 -1 144 -1  -2
117 -1 143 -1 149 -1  -2
1 -1 36 -1 253 -1  -2
17 -1 113 -1 117 -1 143 -1 253 -1  -2
8 -1 17 -1 18 -1 245 -1  -2
17 -1 110 -1 118 -1 143 -1  -2
78 -1 79 -1  -2
8 -1 17 -1 26 -1 35 -1  -2
10 -1 26 -1 117 -1  -2
8 -1 13 -1 143 -1 253 -1  -2
9 -1 110 -1 139 -1 253 -1  -2
9 -1 53 -1 253 -1  -2
35 -1 118 -1 143 -1 144 -1 253 -1  -2
8 -1 17 -1 26 -1 117 -1 253 -1  -2
1 -1 117 -1 118 -1 143 -1 144 -1  -2
10 -1 26 -1 143 -1  -2
1 -1 132 -1 143 -1 253 -1  -2
53 -1 143 -1 253 -1  -2
35 -1 118 -1 143 -1 245 -1  -2
78 -1 117 -1  -2
113 -1 133 -1 253 -1  -2
26 -1 27 -1 117 -1 253 -1  -2
8 -1 118 -1 143 -1 245 -1 253 -1  -2
1 -1 38 -1 253 -1  -2
8 -1 9 -1 139 -1 143 -1  -2
26 -1 27 -1 117 -1 245 -1  -2
17 -1 36 -1 117 -1 143 -1 253 -1  -2
1 -1 132 -1 143 -1 245 -1  -2
18 -1 143 -1 245 -1 253 -1  -2
78 -1 143 -1  -2
9 -1 17 -1 117 -1 253 -1  -2
78 -1 144 -1  -2
79 -1 117 -1  -2
9 -1 17 -1 117 -1 143 -1 253 -1  -2
117 -1 118 -1 143 -1 144 -1 253 -1  -2
36 -1 143 -1 245 -1  -2
17 -1 110 -1 117 -1 245 -1  -2
17 -1 117 -1 143 -1 245 -1 253 -1  -2
36 -1 143 -1 246 -1  -2
8 -1 9 -1 26 -1 143 -1 253 -1  -2
18 -1 27 -1 143 -1 253 -1  -2
117 -1 118 -1 143 -1 144 -1 245 -1  -2
36 -1 143 -1 253 -1  -2
36 -1 117 -1 143 -1 144 -1  -2
1 -1 39 -1 253 -1  -2
2 -1 8 -1 253 -1  -2
117 -1 143 -1 245 -1  -2
117 -1 143 -1 246 -1  -2
8 -1 9 -1 17 -1 26 -1 253 -1  -2
9 -1 17 -1 117 -1 245 -1  -2
35 -1 118 -1 143 -1 253 -1  -2
18 -1 143 -1 246 -1 253 -1  -2
8 -1 17 -1 22 -1 253 -1  -2
117 -1 143 -1 253 -1  -2
79 -1 143 -1  -2
9 -1 17 -1 118 -1 253 -1  -2
8 -1 26 -1 117 -1 143 -1 253 -1  -2
1 -1 35 -1 245 -1 253 -1  -2
8 -1 26 -1 143 -1 144 -1  -2
36 -1 144 -1 245 -1  -2
17 -1 117 -1 143 -1 246 -1 253 -1  -2
8 -1 17 -1 26 -1 143 -1  -2
1 -1 17 -1 143 -1 253 -1  -2
17 -1 78 -1 79 -1  -2
17 -1 110 -1 117 -1 253 -1  -2
36 -1 144 -1 253 -1  -2
1 -1 35 -1 117 -1 143 -1  -2
8 -1 9 -1 26 -1 117 -1 143 -1 253 -1  -2
8 -1 17 -1 26 -1 117 -1  -2
2 -1 9 -1 253 -1  -2
19 -1 143 -1 245 -1  -2
31 -1 35 -1 253 -1  -2
117 -1 144 -1 246 -1  -2
1 -1 17 -1 143 -1 245 -1  -2
8 -1 26 -1 117 -1 143 -1 245 -1  -2
117 -1 144 -1 245 -1  -2
35 -1 118 -1 144 -1 253 -1  -2
118 -1 245 -1 253 -1  -2
19 -1 143 -1 253 -1  -2
1 -1 118 -1 139 -1 143 -1 245 -1  -2
117 -1 144 -1 253 -1  -2
1 -1 35 -1 246 -1 253 -1  -2
9 -1 110 -1 143 -1 253 -1  -2
8 -1 26 -1 117 -1 143 -1 245 -1 253 -1  -2
10 -1 26 -1 253 -1  -2
17 -1 110 -1 118 -1 253 -1  -2
1 -1 35 -1 118 -1 143 -1  -2
8 -1 78 -1 117 -1 143 -1  -2
9 -1 17 -1 35 -1 143 -1 253 -1  -2
1 -1 41 -1 253 -1  -2
1 -1 18 -1 245 -1 253 -1  -2
8 -1 17 -1 118 -1 143 -1 253 -1  -2
8 -1 9 -1 10 -1 143 -1  -2
17 -1 78 -1 117 -1  -2
8 -1 26 -1 117 -1 245 -1 253 -1  -2
20 -1 245 -1 253 -1  -2
110 -1 117 -1 118 -1 139 -1  -2
118 -1 246 -1 253 -1  -2
110 -1 117 -1 118 -1 143 -1  -2
1 -1 18 -1 117 -1 143 -1  -2
110 -1 117 -1 118 -1 144 -1  -2
117 -1 143 -1 245 -1 253 -1  -2
2 -1 143 -1 245 -1  -2
78 -1 245 -1  -2
78 -1 246 -1  -2
117 -1 118 -1 139 -1 143 -1 253 -1  -2
20 -1 117 -1 143 -1  -2
2 -1 143 -1 253 -1  -2
78 -1 253 -1  -2
17 -1 78 -1 143 -1  -2
8 -1 9 -1 143 -1 144 -1  -2
17 -1 79 -1 117 -1  -2
17 -1 118 -1 139 -1 143 -1  -2
36 -1 117 -1 143 -1 253 -1  -2
36 -1 117 -1 143 -1 245 -1 253 -1  -2
8 -1 113 -1 117 -1 143 -1 253 -1  -2
79 -1 245 -1  -2
8 -1 26 -1 143 -1 246 -1  -2
79 -1 246 -1  -2
8 -1 26 -1 143 -1 245 -1  -2
79 -1 253 -1  -2
17 -1 79 -1 143 -1  -2
117 -1 118 -1 139 -1 143 -1 144 -1  -2
36 -1 118 -1 245 -1 253 -1  -2
36 -1 117 -1 144 -1 253 -1  -2
1 -1 35 -1 117 -1 253 -1  -2
8 -1 9 -1 10 -1 253 -1  -2
8 -1 9 -1 17 -1 36 -1  -2
8 -1 9 -1 17 -1 35 -1  -2
10 -1 143 -1 144 -1 253 -1  -2
8 -1 26 -1 117 -1 118 -1 143 -1  -2
8 -1 9 -1 26 -1 245 -1 253 -1  -2
8 -1 26 -1 144 -1 245 -1  -2
1 -1 35 -1 117 -1 245 -1  -2
1 -1 118 -1 139 -1 143 -1 144 -1  -2
9 -1 17 -1 18 -1 143 -1 253 -1  -2
8 -1 27 -1 245 -1 253 -1  -2
1 -1 143 -1 144 -1 245 -1 253 -1  -2
110 -1 117 -1 245 -1 253 -1  -2
1 -1 44 -1 253 -1  -2
26 -1 35 -1 143 -1 144 -1  -2
8 -1 9 -1 17 -1 18 -1  -2
8 -1 26 -1 143 -1 253 -1  -2
8 -1 17 -1 26 -1 245 -1  -2
8 -1 9 -1 26 -1 117 -1 143 -1  -2
36 -1 117 -1 143 -1 245 -1  -2
1 -1 27 -1 117 -1 143 -1 253 -1  -2
8 -1 9 -1 17 -1 26 -1  -2
8 -1 17 -1 26 -1 253 -1  -2
8 -1 78 -1 117 -1 253 -1  -2
8 -1 9 -1 143 -1 253 -1  -2
8 -1 9 -1 11 -1 253 -1  -2
1 -1 35 -1 118 -1 253 -1  -2
27 -1 35 -1 143 -1  -2
110 -1 117 -1 118 -1 245 -1  -2
18 -1 117 -1 118 -1 143 -1 253 -1  -2
27 -1 117 -1 143 -1 144 -1 253 -1  -2
110 -1 117 -1 118 -1 253 -1  -2
1 -1 45 -1 253 -1  -2
8 -1 26 -1 144 -1 253 -1  -2
1 -1 18 -1 117 -1 253 -1  -2
17 -1 78 -1 245 -1  -2
8 -1 9 -1 143 -1 246 -1  -2
8 -1 9 -1 143 -1 245 -1  -2
10 -1 35 -1 117 -1  -2
20 -1 117 -1 253 -1  -2
8 -1 27 -1 117 -1 143 -1  -2
8 -1 17 -1 27 -1 253 -1  -2
117 -1 149 -1 253 -1  -2
17 -1 78 -1 253 -1  -2
26 -1 133 -1 143 -1 253 -1  -2
8 -1 110 -1 143 -1 245 -1 253 -1  -2
8 -1 10 -1 117 -1 143 -1  -2
17 -1 118 -1 143 -1 144 -1  -2
113 -1 117 -1 143 -1 253 -1  -2
10 -1 35 -1 143 -1  -2
8 -1 9 -1 144 -1 245 -1  -2
8 -1 10 -1 245 -1 253 -1  -2
8 -1 17 -1 35 -1 36 -1  -2
8 -1 9 -1 144 -1 253 -1  -2
17 -1 79 -1 253 -1  -2
139 -1 143 -1 245 -1 253 -1  -2
26 -1 35 -1 143 -1 253 -1  -2
8 -1 9 -1 13 -1 253 -1  -2
117 -1 143 -1 246 -1 253 -1  -2
26 -1 35 -1 143 -1 245 -1  -2
32 -1 143 -1 253 -1  -2
35 -1 110 -1 139 -1 143 -1  -2
1 -1 17 -1 18 -1 253 -1  -2
10 -1 36 -1 143 -1  -2
113 -1 143 -1 245 -1  -2
8 -1 9 -1 17 -1 117 -1  -2
1 -1 118 -1 143 -1 144 -1 253 -1  -2
113 -1 143 -1 253 -1  -2
17 -1 35 -1 143 -1 144 -1 253 -1  -2
1 -1 118 -1 143 -1 144 -1 245 -1  -2
8 -1 9 -1 26 -1 117 -1 253 -1  -2
8 -1 17 -1 35 -1 117 -1  -2
2 -1 17 -1 253 -1  -2
26 -1 35 -1 144 -1 253 -1  -2
8 -1 9 -1 18 -1 143 -1  -2
8 -1 27 -1 117 -1 253 -1  -2
8 -1 9 -1 17 -1 144 -1  -2
8 -1 9 -1 17 -1 143 -1  -2
27 -1 35 -1 253 -1  -2
8 -1 9 -1 18 -1 117 -1  -2
15 -1 143 -1 245 -1  -2
8 -1 26 -1 117 -1 118 -1 253 -1  -2
15 -1 143 -1 253 -1  -2
9 -1 26 -1 117 -1 118 -1  -2
17 -1 118 -1 143 -1 253 -1  -2
8 -1 17 -1 35 -1 143 -1  -2
9 -1 26 -1 245 -1 253 -1  -2
27 -1 36 -1 253 -1  -2
110 -1 117 -1 143 -1 245 -1 253 -1  -2
11 -1 143 -1 245 -1 253 -1  -2
117 -1 139 -1 245 -1 253 -1  -2
17 -1 118 -1 143 -1 245 -1  -2
26 -1 117 -1 245 -1 253 -1  -2
26 -1 36 -1 117 -1 143 -1  -2
35 -1 110 -1 139 -1 253 -1  -2
10 -1 35 -1 253 -1  -2
8 -1 17 -1 36 -1 143 -1  -2
1 -1 9 -1 143 -1 245 -1 253 -1  -2
9 -1 26 -1 246 -1 253 -1  -2
26 -1 117 -1 118 -1 144 -1  -2
26 -1 117 -1 118 -1 143 -1  -2
22 -1 143 -1 245 -1 253 -1  -2
26 -1 117 -1 246 -1 253 -1  -2
8 -1 10 -1 117 -1 253 -1  -2
17 -1 118 -1 144 -1 245 -1  -2
79 -1 143 -1 253 -1  -2
9 -1 26 -1 117 -1 143 -1  -2
10 -1 36 -1 253 -1  -2
27 -1 132 -1 143 -1 253 -1  -2
8 -1 22 -1 143 -1 253 -1  -2
1 -1 26 -1 143 -1 144 -1  -2
8 -1 9 -1 17 -1 245 -1  -2
9 -1 26 -1 118 -1 143 -1  -2
143 -1 245 -1 246 -1 253 -1  -2
28 -1 143 -1 144 -1  -2
8 -1 9 -1 17 -1 253 -1  -2
8 -1 17 -1 35 -1 245 -1  -2
8 -1 9 -1 18 -1 245 -1  -2
8 -1 9 -1 18 -1 253 -1  -2
26 -1 117 -1 118 -1 245 -1  -2
9 -1 26 -1 117 -1 245 -1  -2
1 -1 9 -1 143 -1 144 -1  -2
1 -1 53 -1 253 -1  -2
9 -1 26 -1 117 -1 253 -1  -2
110 -1 143 -1 245 -1 253 -1  -2
11 -1 143 -1 144 -1  -2
26 -1 117 -1 118 -1 143 -1 144 -1 253 -1  -2
143 -1 144 -1 245 -1  -2
8 -1 9 -1 26 -1 27 -1  -2
8 -1 17 -1 35 -1 253 -1  -2
144 -1 245 -1 253 -1  -2
143 -1 144 -1 246 -1  -2
143 -1 144 -1 253 -1  -2
8 -1 9 -1 26 -1 35 -1  -2
45 -1 143 -1 253 -1  -2
35 -1 110 -1 143 -1 253 -1  -2
18 -1 117 -1 143 -1 253 -1  -2
9 -1 26 -1 118 -1 253 -1  -2
35 -1 110 -1 143 -1 245 -1  -2
8 -1 35 -1 143 -1 144 -1  -2
8 -1 17 -1 36 -1 253 -1  -2
18 -1 117 -1 143 -1 245 -1  -2
144 -1 246 -1 253 -1  -2
17 -1 35 -1 78 -1 253 -1  -2
18 -1 36 -1 143 -1 253 -1  -2
26 -1 117 -1 118 -1 253 -1  -2
132 -1 143 -1 245 -1 253 -1  -2
26 -1 78 -1 79 -1  -2
26 -1 245 -1 246 -1 253 -1  -2
28 -1 143 -1 245 -1  -2
35 -1 78 -1 79 -1 253 -1  -2
1 -1 26 -1 143 -1 253 -1  -2
28 -1 143 -1 253 -1  -2
18 -1 117 -1 144 -1 253 -1  -2
8 -1 9 -1 26 -1 117 -1  -2
1 -1 26 -1 143 -1 245 -1  -2
8 -1 26 -1 143 -1 246 -1 253 -1  -2
9 -1 17 -1 143 -1 245 -1 253 -1  -2
18 -1 118 -1 245 -1 253 -1  -2
1 -1 17 -1 26 -1 253 -1  -2
26 -1 78 -1 117 -1  -2
1 -1 9 -1 143 -1 245 -1  -2
118 -1 132 -1 143 -1  -2
8 -1 9 -1 26 -1 143 -1  -2
28 -1 144 -1 253 -1  -2
1 -1 26 -1 144 -1 253 -1  -2
8 -1 9 -1 26 -1 144 -1  -2
1 -1 27 -1 245 -1 253 -1  -2
110 -1 117 -1 118 -1  -2
8 -1 117 -1 118 -1 245 -1 253 -1  -2
11 -1 143 -1 245 -1  -2
8 -1 26 -1 27 -1 143 -1  -2
17 -1 117 -1 133 -1 143 -1 253 -1  -2
8 -1 26 -1 143 -1 245 -1 253 -1  -2
110 -1 245 -1 253 -1  -2
8 -1 9 -1 22 -1 253 -1  -2
11 -1 143 -1 253 -1  -2
1 -1 9 -1 143 -1 253 -1  -2
26 -1 78 -1 143 -1  -2
1 -1 27 -1 117 -1 143 -1  -2
35 -1 110 -1 139 -1 143 -1 253 -1  -2

