3074 -2
3075 -2
3076 -2
3077 -2
3078 -2
3079 -2
3080 -2
3081 -2
3082 -2
3000 -2
3005 -2
3006 -2
3007 -2
3008 -2
3010 -2
3011 -2
3014 -2
3016 -2
3018 -2
3019 -2
3020 -2
3021 -2
3022 -2
3023 -2
3024 -2
3025 -2
3026 -2
3027 -2
3028 -2
3029 -2
3030 -2
3031 -2
3032 -2
3033 -2
3034 -2
3035 -2
3036 -2
3037 -2
3038 -2
3040 -2
3042 -2
3045 -2
3046 -2
3047 -2
3048 -2
3049 -2
3051 -2
3052 -2
3054 -2
3055 -2
3056 -2
3057 -2
3058 -2
3059 -2
3060 -2
3062 -2
3063 -2
3064 -2
3065 -2
3066 -2
3067 -2
3068 -2
3069 -2

3042 -1 3042 -1  -2
3055 -1 3005 -1 3005 -1  -2
3042 -1 3048 -1  -2
3042 -1 3047 -1  -2
3042 -1 3049 -1  -2
3042 -1 3052 -1  -2
3042 -1 3051 -1  -2
3042 -1 3055 -1  -2
3042 -1 3058 -1  -2
3042 -1 3062 -1  -2
3042 -1 3064 -1  -2
3042 -1 3063 -1  -2
3031 -1 3022 -1 3022 -1  -2
3042 -1 3067 -1  -2
3042 -1 3069 -1  -2
3042 -1 3074 -1  -2
3042 -1 3076 -1  -2
3042 -1 3075 -1  -2
3042 -1 3078 -1  -2
3042 -1 3082 -1  -2
3005 -1 3034 -1 3034 -1  -2
3014 -1 3022 -1 3022 -1  -2
3046 -1 3005 -1  -2
3046 -1 3014 -1  -2
3055 -1 3005 -1 3031 -1  -2
3046 -1 3022 -1  -2
3035 -1 3031 -1 3005 -1  -2
3046 -1 3030 -1  -2
3046 -1 3031 -1  -2
3035 -1 3031 -1 3031 -1  -2
3047 -1 3005 -1  -2
3047 -1 3006 -1  -2
3047 -1 3008 -1  -2
3046 -1 3042 -1  -2
3046 -1 3046 -1  -2
3047 -1 3014 -1  -2
3047 -1 3019 -1  -2
3046 -1 3049 -1  -2
3047 -1 3022 -1  -2
3047 -1 3031 -1  -2
3047 -1 3030 -1  -2
3046 -1 3064 -1  -2
3046 -1 3063 -1  -2
3047 -1 3032 -1  -2
3047 -1 3035 -1  -2
3047 -1 3034 -1  -2
3048 -1 3006 -1  -2
3048 -1 3005 -1  -2
3048 -1 3008 -1  -2
3046 -1 3069 -1  -2
3047 -1 3038 -1  -2
3048 -1 3007 -1  -2
3047 -1 3042 -1  -2
3048 -1 3014 -1  -2
3047 -1 3047 -1  -2
3047 -1 3048 -1  -2
3046 -1 3082 -1  -2
3048 -1 3022 -1  -2
3048 -1 3023 -1  -2
3047 -1 3056 -1  -2
3048 -1 3027 -1  -2
3048 -1 3030 -1  -2
3047 -1 3063 -1  -2
3048 -1 3032 -1  -2
3048 -1 3031 -1  -2
3048 -1 3034 -1  -2
3047 -1 3064 -1  -2
3047 -1 3067 -1  -2
3048 -1 3036 -1  -2
3049 -1 3005 -1  -2
3048 -1 3035 -1  -2
3047 -1 3069 -1  -2
3048 -1 3038 -1  -2
3049 -1 3007 -1  -2
3048 -1 3037 -1  -2
3049 -1 3006 -1  -2
3049 -1 3008 -1  -2
3048 -1 3042 -1  -2
3047 -1 3075 -1  -2
3047 -1 3074 -1  -2
3047 -1 3076 -1  -2
3049 -1 3014 -1  -2
3048 -1 3048 -1  -2
3049 -1 3019 -1  -2
3048 -1 3049 -1  -2
3047 -1 3082 -1  -2
3049 -1 3023 -1  -2
3049 -1 3022 -1  -2
3048 -1 3055 -1  -2
3048 -1 3058 -1  -2
3049 -1 3027 -1  -2
3049 -1 3029 -1  -2
3048 -1 3062 -1  -2
3049 -1 3031 -1  -2
3049 -1 3030 -1  -2
3048 -1 3064 -1  -2
3048 -1 3063 -1  -2
3049 -1 3032 -1  -2
3049 -1 3035 -1  -2
3049 -1 3034 -1  -2
3048 -1 3067 -1  -2
3068 -1 3005 -1 3005 -1  -2
3048 -1 3069 -1  -2
3049 -1 3038 -1  -2
3048 -1 3074 -1  -2
3049 -1 3042 -1  -2
3048 -1 3075 -1  -2
3049 -1 3046 -1  -2
3049 -1 3049 -1  -2
3049 -1 3048 -1  -2
3048 -1 3082 -1  -2
3049 -1 3051 -1  -2
3049 -1 3052 -1  -2
3049 -1 3055 -1  -2
3049 -1 3058 -1  -2
3049 -1 3063 -1  -2
3049 -1 3062 -1  -2
3049 -1 3064 -1  -2
3049 -1 3067 -1  -2
3051 -1 3005 -1  -2
3049 -1 3069 -1  -2
3051 -1 3006 -1  -2
3051 -1 3008 -1  -2
3049 -1 3075 -1  -2
3049 -1 3074 -1  -2
3049 -1 3076 -1  -2
3051 -1 3014 -1  -2
3051 -1 3019 -1  -2
3049 -1 3082 -1  -2
3051 -1 3022 -1  -2
3051 -1 3026 -1  -2
3051 -1 3031 -1  -2
3051 -1 3030 -1  -2
3051 -1 3032 -1  -2
3051 -1 3035 -1  -2
3051 -1 3034 -1  -2
3052 -1 3006 -1  -2
3031 -1 3031 -1 3005 -1  -2
3052 -1 3005 -1  -2
3052 -1 3008 -1  -2
3051 -1 3038 -1  -2
3052 -1 3007 -1  -2
3064 -1 3064 -1 3031 -1  -2
3051 -1 3042 -1  -2
3052 -1 3014 -1  -2
3051 -1 3049 -1  -2
3051 -1 3048 -1  -2
3051 -1 3051 -1  -2
3052 -1 3022 -1  -2
3051 -1 3055 -1  -2
3052 -1 3023 -1  -2
3052 -1 3030 -1  -2
3051 -1 3063 -1  -2
3052 -1 3032 -1  -2
3052 -1 3031 -1  -2
3052 -1 3034 -1  -2
3051 -1 3064 -1  -2
3051 -1 3067 -1  -2
3052 -1 3035 -1  -2
3051 -1 3069 -1  -2
3052 -1 3038 -1  -2
3064 -1 3064 -1 3005 -1  -2
3052 -1 3042 -1  -2
3051 -1 3075 -1  -2
3051 -1 3074 -1  -2
3052 -1 3048 -1  -2
3052 -1 3049 -1  -2
3052 -1 3052 -1  -2
3051 -1 3082 -1  -2
3052 -1 3051 -1  -2
3052 -1 3055 -1  -2
3014 -1 3031 -1 3005 -1  -2
3014 -1 3030 -1 3031 -1  -2
3014 -1 3030 -1 3030 -1  -2
3052 -1 3064 -1  -2
3052 -1 3063 -1  -2
3052 -1 3067 -1  -2
3054 -1 3005 -1  -2
3031 -1 3031 -1 3069 -1  -2
3052 -1 3069 -1  -2
3052 -1 3074 -1  -2
3052 -1 3075 -1  -2
3031 -1 3031 -1 3064 -1  -2
3052 -1 3082 -1  -2
3014 -1 3030 -1 3042 -1  -2
3054 -1 3022 -1  -2
3014 -1 3030 -1 3005 -1  -2
3055 -1 3005 -1  -2
3055 -1 3007 -1  -2
3055 -1 3006 -1  -2
3064 -1 3064 -1 3069 -1  -2
3069 -1 3042 -1 3042 -1  -2
3055 -1 3008 -1  -2
3054 -1 3042 -1  -2
3034 -1 3005 -1 3005 -1  -2
3031 -1 3031 -1 3031 -1  -2
3055 -1 3014 -1  -2
3064 -1 3064 -1 3064 -1  -2
3055 -1 3016 -1  -2
3014 -1 3030 -1 3014 -1  -2
3055 -1 3019 -1  -2
3055 -1 3018 -1  -2
3055 -1 3023 -1  -2
3055 -1 3022 -1  -2
3055 -1 3027 -1  -2
3055 -1 3029 -1  -2
3049 -1 3005 -1 3005 -1  -2
3055 -1 3031 -1  -2
3055 -1 3030 -1  -2
3055 -1 3032 -1  -2
3055 -1 3035 -1  -2
3055 -1 3034 -1  -2
3055 -1 3037 -1  -2
3055 -1 3036 -1  -2
3056 -1 3005 -1  -2
3055 -1 3038 -1  -2
3055 -1 3042 -1  -2
3055 -1 3047 -1  -2
3064 -1 3069 -1 3005 -1  -2
3055 -1 3049 -1  -2
3055 -1 3048 -1  -2
3054 -1 3082 -1  -2
3055 -1 3051 -1  -2
3056 -1 3019 -1  -2
3055 -1 3055 -1  -2
3014 -1 3030 -1 3069 -1  -2
3056 -1 3025 -1  -2
3055 -1 3058 -1  -2
3055 -1 3063 -1  -2
3056 -1 3032 -1  -2
3055 -1 3062 -1  -2
3056 -1 3031 -1  -2
3056 -1 3034 -1  -2
3055 -1 3064 -1  -2
3014 -1 3031 -1 3031 -1  -2
3055 -1 3067 -1  -2
3055 -1 3069 -1  -2
3055 -1 3075 -1  -2
3055 -1 3074 -1  -2
3055 -1 3076 -1  -2
3014 -1 3030 -1 3082 -1  -2
3056 -1 3047 -1  -2
3055 -1 3082 -1  -2
3056 -1 3056 -1  -2
3056 -1 3064 -1  -2
3058 -1 3005 -1  -2
3056 -1 3069 -1  -2
3058 -1 3014 -1  -2
3064 -1 3005 -1 3005 -1  -2
3064 -1 3069 -1 3069 -1  -2
3058 -1 3022 -1  -2
3064 -1 3069 -1 3064 -1  -2
3058 -1 3030 -1  -2
3058 -1 3031 -1  -2
3058 -1 3035 -1  -2
3058 -1 3038 -1  -2
3049 -1 3005 -1 3031 -1  -2
3058 -1 3042 -1  -2
3058 -1 3048 -1  -2
3005 -1 3049 -1 3005 -1  -2
3058 -1 3055 -1  -2
3058 -1 3058 -1  -2
3058 -1 3064 -1  -2
3058 -1 3063 -1  -2
3058 -1 3067 -1  -2
3058 -1 3069 -1  -2
3058 -1 3082 -1  -2
3064 -1 3005 -1 3031 -1  -2
3030 -1 3005 -1 3031 -1  -2
3062 -1 3006 -1  -2
3062 -1 3005 -1  -2
3062 -1 3014 -1  -2
3062 -1 3022 -1  -2
3062 -1 3023 -1  -2
3042 -1 3030 -1 3014 -1  -2
3062 -1 3030 -1  -2
3062 -1 3032 -1  -2
3062 -1 3031 -1  -2
3062 -1 3034 -1  -2
3063 -1 3005 -1  -2
3062 -1 3035 -1  -2
3062 -1 3038 -1  -2
3063 -1 3007 -1  -2
3063 -1 3006 -1  -2
3063 -1 3008 -1  -2
3062 -1 3042 -1  -2
3063 -1 3014 -1  -2
3062 -1 3048 -1  -2
3063 -1 3019 -1  -2
3063 -1 3018 -1  -2
3063 -1 3023 -1  -2
3063 -1 3022 -1  -2
3062 -1 3055 -1  -2
3030 -1 3005 -1 3005 -1  -2
3030 -1 3069 -1 3069 -1  -2
3062 -1 3058 -1  -2
3063 -1 3027 -1  -2
3062 -1 3062 -1  -2
3063 -1 3031 -1  -2
3063 -1 3030 -1  -2
3062 -1 3064 -1  -2
3062 -1 3063 -1  -2
3063 -1 3032 -1  -2
3063 -1 3035 -1  -2
3063 -1 3034 -1  -2
3064 -1 3006 -1  -2
3062 -1 3067 -1  -2
3064 -1 3005 -1  -2
3064 -1 3008 -1  -2
3062 -1 3069 -1  -2
3063 -1 3038 -1  -2
3064 -1 3007 -1  -2
3063 -1 3042 -1  -2
3064 -1 3011 -1  -2
3064 -1 3014 -1  -2
3062 -1 3075 -1  -2
3063 -1 3047 -1  -2
3064 -1 3016 -1  -2
3063 -1 3049 -1  -2
3064 -1 3018 -1  -2
3063 -1 3048 -1  -2
3062 -1 3082 -1  -2
3063 -1 3051 -1  -2
3064 -1 3019 -1  -2
3064 -1 3022 -1  -2
3064 -1 3021 -1  -2
3063 -1 3055 -1  -2
3064 -1 3023 -1  -2
3063 -1 3058 -1  -2
3064 -1 3027 -1  -2
3064 -1 3030 -1  -2
3064 -1 3029 -1  -2
3063 -1 3063 -1  -2
3064 -1 3032 -1  -2
3063 -1 3062 -1  -2
3064 -1 3031 -1  -2
3064 -1 3034 -1  -2
3063 -1 3064 -1  -2
3063 -1 3067 -1  -2
3064 -1 3036 -1  -2
3065 -1 3005 -1  -2
3064 -1 3035 -1  -2
3063 -1 3069 -1  -2
3064 -1 3038 -1  -2
3064 -1 3037 -1  -2
3042 -1 3031 -1 3005 -1  -2
3064 -1 3042 -1  -2
3063 -1 3075 -1  -2
3063 -1 3074 -1  -2
3064 -1 3046 -1  -2
3063 -1 3076 -1  -2
3065 -1 3014 -1  -2
3064 -1 3048 -1  -2
3064 -1 3047 -1  -2
3064 -1 3049 -1  -2
3064 -1 3052 -1  -2
3063 -1 3082 -1  -2
3064 -1 3051 -1  -2
3064 -1 3056 -1  -2
3064 -1 3055 -1  -2
3064 -1 3058 -1  -2
3064 -1 3062 -1  -2
3065 -1 3031 -1  -2
3065 -1 3030 -1  -2
3064 -1 3064 -1  -2
3064 -1 3063 -1  -2
3064 -1 3067 -1  -2
3066 -1 3005 -1  -2
3064 -1 3069 -1  -2
3065 -1 3038 -1  -2
3064 -1 3074 -1  -2
3065 -1 3042 -1  -2
3064 -1 3076 -1  -2
3066 -1 3014 -1  -2
3064 -1 3075 -1  -2
3064 -1 3082 -1  -2
3066 -1 3019 -1  -2
3066 -1 3022 -1  -2
3066 -1 3027 -1  -2
3066 -1 3030 -1  -2
3066 -1 3031 -1  -2
3065 -1 3065 -1  -2
3067 -1 3005 -1  -2
3066 -1 3035 -1  -2
3067 -1 3007 -1  -2
3067 -1 3006 -1  -2
3067 -1 3008 -1  -2
3066 -1 3042 -1  -2
3067 -1 3014 -1  -2
3067 -1 3016 -1  -2
3067 -1 3019 -1  -2
3067 -1 3021 -1  -2
3067 -1 3023 -1  -2
3067 -1 3022 -1  -2
3067 -1 3027 -1  -2
3067 -1 3029 -1  -2
3067 -1 3031 -1  -2
3067 -1 3030 -1  -2
3066 -1 3064 -1  -2
3066 -1 3063 -1  -2
3067 -1 3032 -1  -2
3066 -1 3066 -1  -2
3067 -1 3035 -1  -2
3067 -1 3034 -1  -2
3067 -1 3037 -1  -2
3068 -1 3006 -1  -2
3066 -1 3067 -1  -2
3067 -1 3036 -1  -2
3068 -1 3005 -1  -2
3068 -1 3008 -1  -2
3066 -1 3069 -1  -2
3067 -1 3038 -1  -2
3068 -1 3007 -1  -2
3067 -1 3042 -1  -2
3068 -1 3011 -1  -2
3068 -1 3014 -1  -2
3067 -1 3047 -1  -2
3068 -1 3016 -1  -2
3067 -1 3049 -1  -2
3068 -1 3018 -1  -2
3067 -1 3048 -1  -2
3066 -1 3082 -1  -2
3067 -1 3051 -1  -2
3068 -1 3019 -1  -2
3068 -1 3022 -1  -2
3068 -1 3021 -1  -2
3067 -1 3055 -1  -2
3068 -1 3023 -1  -2
3068 -1 3026 -1  -2
3067 -1 3058 -1  -2
3068 -1 3027 -1  -2
3068 -1 3030 -1  -2
3068 -1 3029 -1  -2
3067 -1 3063 -1  -2
3068 -1 3032 -1  -2
3067 -1 3062 -1  -2
3068 -1 3031 -1  -2
3069 -1 3000 -1  -2
3068 -1 3034 -1  -2
3067 -1 3064 -1  -2
3067 -1 3067 -1  -2
3068 -1 3036 -1  -2
3069 -1 3005 -1  -2
3068 -1 3035 -1  -2
3067 -1 3069 -1  -2
3068 -1 3038 -1  -2
3069 -1 3007 -1  -2
3068 -1 3037 -1  -2
3069 -1 3006 -1  -2
3069 -1 3008 -1  -2
3068 -1 3042 -1  -2
3069 -1 3011 -1  -2
3067 -1 3075 -1  -2
3067 -1 3074 -1  -2
3067 -1 3076 -1  -2
3069 -1 3014 -1  -2
3068 -1 3048 -1  -2
3068 -1 3047 -1  -2
3069 -1 3016 -1  -2
3069 -1 3019 -1  -2
3068 -1 3049 -1  -2
3069 -1 3018 -1  -2
3069 -1 3021 -1  -2
3067 -1 3082 -1  -2
3068 -1 3051 -1  -2
3069 -1 3023 -1  -2
3069 -1 3022 -1  -2
3068 -1 3055 -1  -2
3068 -1 3058 -1  -2
3069 -1 3027 -1  -2
3069 -1 3026 -1  -2
3069 -1 3029 -1  -2
3068 -1 3062 -1  -2
3069 -1 3031 -1  -2
3069 -1 3030 -1  -2
3068 -1 3064 -1  -2
3069 -1 3033 -1  -2
3068 -1 3063 -1  -2
3069 -1 3032 -1  -2
3068 -1 3066 -1  -2
3069 -1 3035 -1  -2
3069 -1 3034 -1  -2
3068 -1 3068 -1  -2
3069 -1 3037 -1  -2
3068 -1 3067 -1  -2
3069 -1 3036 -1  -2
3030 -1 3014 -1 3005 -1  -2
3068 -1 3069 -1  -2
3069 -1 3038 -1  -2
3068 -1 3074 -1  -2
3069 -1 3042 -1  -2
3068 -1 3076 -1  -2
3068 -1 3075 -1  -2
3069 -1 3047 -1  -2
3069 -1 3046 -1  -2
3069 -1 3049 -1  -2
3069 -1 3048 -1  -2
3068 -1 3082 -1  -2
3069 -1 3051 -1  -2
3069 -1 3052 -1  -2
3069 -1 3055 -1  -2
3030 -1 3014 -1 3022 -1  -2
3069 -1 3058 -1  -2
3069 -1 3063 -1  -2
3069 -1 3062 -1  -2
3030 -1 3014 -1 3014 -1  -2
3069 -1 3065 -1  -2
3005 -1 3000 -1  -2
3069 -1 3064 -1  -2
3069 -1 3067 -1  -2
3069 -1 3066 -1  -2
3005 -1 3005 -1  -2
3069 -1 3069 -1  -2
3069 -1 3068 -1  -2
3005 -1 3007 -1  -2
3005 -1 3006 -1  -2
3005 -1 3008 -1  -2
3005 -1 3011 -1  -2
3069 -1 3075 -1  -2
3069 -1 3074 -1  -2
3069 -1 3076 -1  -2
3048 -1 3048 -1 3048 -1  -2
3005 -1 3014 -1  -2
3005 -1 3016 -1  -2
3005 -1 3019 -1  -2
3005 -1 3018 -1  -2
3069 -1 3082 -1  -2
3005 -1 3021 -1  -2
3005 -1 3023 -1  -2
3005 -1 3022 -1  -2
3005 -1 3027 -1  -2
3005 -1 3026 -1  -2
3005 -1 3029 -1  -2
3005 -1 3031 -1  -2
3005 -1 3030 -1  -2
3005 -1 3032 -1  -2
3005 -1 3035 -1  -2
3005 -1 3034 -1  -2
3005 -1 3037 -1  -2
3006 -1 3006 -1  -2
3005 -1 3036 -1  -2
3006 -1 3005 -1  -2
3006 -1 3008 -1  -2
3030 -1 3014 -1 3069 -1  -2
3005 -1 3038 -1  -2
3006 -1 3007 -1  -2
3005 -1 3042 -1  -2
3006 -1 3014 -1  -2
3005 -1 3047 -1  -2
3005 -1 3046 -1  -2
3005 -1 3049 -1  -2
3005 -1 3048 -1  -2
3005 -1 3051 -1  -2
3006 -1 3019 -1  -2
3006 -1 3022 -1  -2
3005 -1 3052 -1  -2
3006 -1 3021 -1  -2
3005 -1 3055 -1  -2
3006 -1 3023 -1  -2
3005 -1 3056 -1  -2
3005 -1 3058 -1  -2
3006 -1 3030 -1  -2
3005 -1 3063 -1  -2
3006 -1 3032 -1  -2
3005 -1 3062 -1  -2
3006 -1 3031 -1  -2
3006 -1 3034 -1  -2
3005 -1 3064 -1  -2
3005 -1 3067 -1  -2
3006 -1 3036 -1  -2
3007 -1 3005 -1  -2
3005 -1 3066 -1  -2
3006 -1 3035 -1  -2
3005 -1 3069 -1  -2
3006 -1 3038 -1  -2
3007 -1 3007 -1  -2
3007 -1 3006 -1  -2
3007 -1 3008 -1  -2
3006 -1 3042 -1  -2
3005 -1 3075 -1  -2
3005 -1 3074 -1  -2
3030 -1 3014 -1 3031 -1  -2
3005 -1 3076 -1  -2
3007 -1 3014 -1  -2
3006 -1 3048 -1  -2
3006 -1 3047 -1  -2
3030 -1 3014 -1 3030 -1  -2
3007 -1 3019 -1  -2
3006 -1 3049 -1  -2
3007 -1 3018 -1  -2
3005 -1 3082 -1  -2
3006 -1 3051 -1  -2
3007 -1 3023 -1  -2
3007 -1 3022 -1  -2
3006 -1 3055 -1  -2
3006 -1 3058 -1  -2
3007 -1 3027 -1  -2
3006 -1 3062 -1  -2
3007 -1 3031 -1  -2
3007 -1 3030 -1  -2
3064 -1 3082 -1 3082 -1  -2
3006 -1 3064 -1  -2
3006 -1 3063 -1  -2
3007 -1 3032 -1  -2
3074 -1 3006 -1  -2
3007 -1 3035 -1  -2
3074 -1 3005 -1  -2
3007 -1 3034 -1  -2
3074 -1 3008 -1  -2
3008 -1 3006 -1  -2
3006 -1 3067 -1  -2
3008 -1 3005 -1  -2
3030 -1 3014 -1 3042 -1  -2
3008 -1 3008 -1  -2
3006 -1 3069 -1  -2
3007 -1 3038 -1  -2
3008 -1 3007 -1  -2
3074 -1 3014 -1  -2
3006 -1 3074 -1  -2
3007 -1 3042 -1  -2
3008 -1 3011 -1  -2
3006 -1 3076 -1  -2
3008 -1 3014 -1  -2
3006 -1 3075 -1  -2
3007 -1 3047 -1  -2
3007 -1 3049 -1  -2
3074 -1 3019 -1  -2
3007 -1 3048 -1  -2
3074 -1 3022 -1  -2
3006 -1 3082 -1  -2
3007 -1 3051 -1  -2
3008 -1 3022 -1  -2
3007 -1 3052 -1  -2
3007 -1 3055 -1  -2
3074 -1 3030 -1  -2
3074 -1 3032 -1  -2
3008 -1 3030 -1  -2
3074 -1 3031 -1  -2
3000 -1  -2
3074 -1 3034 -1  -2
3007 -1 3063 -1  -2
3008 -1 3032 -1  -2
3007 -1 3062 -1  -2
3008 -1 3031 -1  -2
3075 -1 3005 -1  -2
3008 -1 3034 -1  -2
3074 -1 3035 -1  -2
3007 -1 3064 -1  -2
3030 -1 3082 -1 3082 -1  -2
3074 -1 3038 -1  -2
3007 -1 3067 -1  -2
3005 -1  -2
3075 -1 3006 -1  -2
3008 -1 3035 -1  -2
3006 -1  -2
3007 -1 3069 -1  -2
3008 -1 3038 -1  -2
3007 -1  -2
3075 -1 3008 -1  -2
3008 -1  -2
3074 -1 3042 -1  -2
3010 -1  -2
3008 -1 3042 -1  -2
3011 -1  -2
3007 -1 3075 -1  -2
3075 -1 3014 -1  -2
3007 -1 3074 -1  -2
3014 -1  -2
3074 -1 3048 -1  -2
3074 -1 3047 -1  -2
3007 -1 3076 -1  -2
3016 -1  -2
3074 -1 3049 -1  -2
3018 -1  -2
3019 -1  -2
3074 -1 3051 -1  -2
3008 -1 3049 -1  -2
3020 -1  -2
3008 -1 3052 -1  -2
3021 -1  -2
3075 -1 3022 -1  -2
3007 -1 3082 -1  -2
3008 -1 3051 -1  -2
3022 -1  -2
3023 -1  -2
3074 -1 3055 -1  -2
3024 -1  -2
3025 -1  -2
3008 -1 3055 -1  -2
3026 -1  -2
3027 -1  -2
3028 -1  -2
3075 -1 3031 -1  -2
3029 -1  -2
3075 -1 3030 -1  -2
3030 -1  -2
3074 -1 3064 -1  -2
3031 -1  -2
3074 -1 3063 -1  -2
3075 -1 3032 -1  -2
3032 -1  -2
3075 -1 3035 -1  -2
3008 -1 3064 -1  -2
3033 -1  -2
3075 -1 3034 -1  -2
3008 -1 3063 -1  -2
3034 -1  -2
3076 -1 3006 -1  -2
3035 -1  -2
3074 -1 3067 -1  -2
3076 -1 3005 -1  -2
3036 -1  -2
3076 -1 3008 -1  -2
3037 -1  -2
3074 -1 3069 -1  -2
3075 -1 3038 -1  -2
3008 -1 3067 -1  -2
3038 -1  -2
3008 -1 3069 -1  -2
3040 -1  -2
3074 -1 3074 -1  -2
3075 -1 3042 -1  -2
3042 -1  -2
3074 -1 3076 -1  -2
3076 -1 3014 -1  -2
3008 -1 3074 -1  -2
3074 -1 3075 -1  -2
3008 -1 3076 -1  -2
3045 -1  -2
3008 -1 3075 -1  -2
3046 -1  -2
3075 -1 3049 -1  -2
3047 -1  -2
3075 -1 3048 -1  -2
3048 -1  -2
3074 -1 3082 -1  -2
3049 -1  -2
3076 -1 3022 -1  -2
3008 -1 3082 -1  -2
3051 -1  -2
3052 -1  -2
3075 -1 3055 -1  -2
3054 -1  -2
3055 -1  -2
3056 -1  -2
3068 -1 3031 -1 3005 -1  -2
3057 -1  -2
3058 -1  -2
3076 -1 3030 -1  -2
3059 -1  -2
3060 -1  -2
3075 -1 3063 -1  -2
3076 -1 3032 -1  -2
3076 -1 3031 -1  -2
3062 -1  -2
3076 -1 3034 -1  -2
3063 -1  -2
3075 -1 3064 -1  -2
3064 -1  -2
3075 -1 3067 -1  -2
3077 -1 3005 -1  -2
3065 -1  -2
3076 -1 3035 -1  -2
3066 -1  -2
3075 -1 3069 -1  -2
3076 -1 3038 -1  -2
3011 -1 3005 -1  -2
3067 -1  -2
3068 -1  -2
3069 -1  -2
3076 -1 3042 -1  -2
3011 -1 3008 -1  -2
3075 -1 3075 -1  -2
3011 -1 3011 -1  -2
3075 -1 3074 -1  -2
3074 -1  -2
3075 -1  -2
3076 -1  -2
3076 -1 3048 -1  -2
3077 -1  -2
3076 -1 3047 -1  -2
3078 -1  -2
3079 -1  -2
3080 -1  -2
3081 -1  -2
3075 -1 3082 -1  -2
3082 -1  -2
3042 -1 3042 -1 3042 -1  -2
3077 -1 3031 -1  -2
3076 -1 3064 -1  -2
3011 -1 3031 -1  -2
3076 -1 3063 -1  -2
3011 -1 3035 -1  -2
3076 -1 3067 -1  -2
3076 -1 3069 -1  -2
3076 -1 3074 -1  -2
3076 -1 3076 -1  -2
3076 -1 3082 -1  -2
3078 -1 3023 -1  -2
3005 -1 3005 -1 3005 -1  -2
3069 -1 3069 -1 3005 -1  -2
3005 -1 3069 -1 3069 -1  -2
3011 -1 3063 -1  -2
3011 -1 3064 -1  -2
3014 -1 3006 -1  -2
3014 -1 3005 -1  -2
3014 -1 3008 -1  -2
3014 -1 3007 -1  -2
3014 -1 3011 -1  -2
3078 -1 3078 -1  -2
3014 -1 3014 -1  -2
3014 -1 3016 -1  -2
3014 -1 3018 -1  -2
3014 -1 3019 -1  -2
3014 -1 3022 -1  -2
3014 -1 3021 -1  -2
3014 -1 3023 -1  -2
3014 -1 3026 -1  -2
3014 -1 3027 -1  -2
3069 -1 3069 -1 3042 -1  -2
3014 -1 3030 -1  -2
3014 -1 3029 -1  -2
3005 -1 3005 -1 3069 -1  -2
3014 -1 3032 -1  -2
3067 -1 3067 -1 3005 -1  -2
3069 -1 3005 -1 3005 -1  -2
3069 -1 3069 -1 3069 -1  -2
3014 -1 3031 -1  -2
3014 -1 3034 -1  -2
3014 -1 3036 -1  -2
3014 -1 3035 -1  -2
3014 -1 3038 -1  -2
3014 -1 3037 -1  -2
3069 -1 3069 -1 3064 -1  -2
3005 -1 3005 -1 3064 -1  -2
3014 -1 3042 -1  -2
3014 -1 3046 -1  -2
3014 -1 3048 -1  -2
3014 -1 3047 -1  -2
3069 -1 3069 -1 3022 -1  -2
3014 -1 3049 -1  -2
3014 -1 3052 -1  -2
3014 -1 3051 -1  -2
3014 -1 3055 -1  -2
3069 -1 3069 -1 3014 -1  -2
3014 -1 3058 -1  -2
3014 -1 3062 -1  -2
3014 -1 3064 -1  -2
3014 -1 3063 -1  -2
3082 -1 3006 -1  -2
3014 -1 3066 -1  -2
3005 -1 3005 -1 3034 -1  -2
3082 -1 3005 -1  -2
3014 -1 3065 -1  -2
3082 -1 3008 -1  -2
3082 -1 3007 -1  -2
3014 -1 3067 -1  -2
3016 -1 3005 -1  -2
3069 -1 3069 -1 3031 -1  -2
3014 -1 3069 -1  -2
3005 -1 3005 -1 3031 -1  -2
3082 -1 3014 -1  -2
3014 -1 3074 -1  -2
3082 -1 3016 -1  -2
3014 -1 3076 -1  -2
3016 -1 3014 -1  -2
3014 -1 3075 -1  -2
3016 -1 3016 -1  -2
3082 -1 3019 -1  -2
3014 -1 3079 -1  -2
3082 -1 3022 -1  -2
3014 -1 3082 -1  -2
3016 -1 3022 -1  -2
3082 -1 3023 -1  -2
3016 -1 3023 -1  -2
3082 -1 3027 -1  -2
3082 -1 3030 -1  -2
3082 -1 3029 -1  -2
3082 -1 3032 -1  -2
3016 -1 3030 -1  -2
3082 -1 3031 -1  -2
3082 -1 3034 -1  -2
3016 -1 3031 -1  -2
3082 -1 3036 -1  -2
3082 -1 3035 -1  -2
3082 -1 3038 -1  -2
3067 -1 3067 -1 3067 -1  -2
3082 -1 3037 -1  -2
3016 -1 3035 -1  -2
3016 -1 3038 -1  -2
3034 -1 3034 -1 3034 -1  -2
3082 -1 3042 -1  -2
3016 -1 3042 -1  -2
3082 -1 3046 -1  -2
3082 -1 3048 -1  -2
3082 -1 3047 -1  -2
3082 -1 3049 -1  -2
3082 -1 3051 -1  -2
3016 -1 3049 -1  -2
3082 -1 3055 -1  -2
3069 -1 3069 -1 3082 -1  -2
3082 -1 3058 -1  -2
3082 -1 3062 -1  -2
3082 -1 3064 -1  -2
3082 -1 3063 -1  -2
3016 -1 3064 -1  -2
3016 -1 3063 -1  -2
3034 -1 3034 -1 3005 -1  -2
3082 -1 3067 -1  -2
3082 -1 3069 -1  -2
3018 -1 3005 -1  -2
3016 -1 3069 -1  -2
3082 -1 3074 -1  -2
3082 -1 3076 -1  -2
3082 -1 3075 -1  -2
3082 -1 3082 -1  -2
3018 -1 3018 -1  -2
3016 -1 3079 -1  -2
3016 -1 3082 -1  -2
3018 -1 3031 -1  -2
3019 -1 3005 -1  -2
3067 -1 3005 -1 3005 -1  -2
3019 -1 3006 -1  -2
3031 -1 3064 -1 3005 -1  -2
3018 -1 3042 -1  -2
3064 -1 3031 -1 3031 -1  -2
3019 -1 3014 -1  -2
3019 -1 3019 -1  -2
3019 -1 3022 -1  -2
3019 -1 3031 -1  -2
3019 -1 3030 -1  -2
3018 -1 3064 -1  -2
3018 -1 3063 -1  -2
3019 -1 3032 -1  -2
3019 -1 3035 -1  -2
3019 -1 3034 -1  -2
3064 -1 3031 -1 3005 -1  -2
3035 -1 3005 -1 3005 -1  -2
3018 -1 3069 -1  -2
3019 -1 3038 -1  -2
3019 -1 3042 -1  -2
3019 -1 3047 -1  -2
3019 -1 3056 -1  -2
3030 -1 3030 -1 3014 -1  -2
3019 -1 3063 -1  -2
3019 -1 3064 -1  -2
3019 -1 3067 -1  -2
3021 -1 3005 -1  -2
3019 -1 3069 -1  -2
3064 -1 3034 -1 3005 -1  -2
3030 -1 3031 -1 3005 -1  -2
3019 -1 3075 -1  -2
3030 -1 3030 -1 3031 -1  -2
3031 -1 3064 -1 3064 -1  -2
3019 -1 3074 -1  -2
3030 -1 3030 -1 3030 -1  -2
3021 -1 3014 -1  -2
3021 -1 3021 -1  -2
3019 -1 3082 -1  -2
3021 -1 3022 -1  -2
3021 -1 3031 -1  -2
3021 -1 3030 -1  -2
3022 -1 3006 -1  -2
3022 -1 3005 -1  -2
3022 -1 3008 -1  -2
3030 -1 3030 -1 3005 -1  -2
3022 -1 3007 -1  -2
3021 -1 3042 -1  -2
3022 -1 3014 -1  -2
3022 -1 3016 -1  -2
3031 -1 3064 -1 3031 -1  -2
3022 -1 3019 -1  -2
3022 -1 3022 -1  -2
3022 -1 3021 -1  -2
3022 -1 3023 -1  -2
3022 -1 3026 -1  -2
3022 -1 3027 -1  -2
3022 -1 3030 -1  -2
3022 -1 3029 -1  -2
3022 -1 3032 -1  -2
3022 -1 3031 -1  -2
3022 -1 3034 -1  -2
3021 -1 3064 -1  -2
3022 -1 3036 -1  -2
3023 -1 3005 -1  -2
3022 -1 3035 -1  -2
3022 -1 3038 -1  -2
3021 -1 3069 -1  -2
3022 -1 3037 -1  -2
3023 -1 3006 -1  -2
3022 -1 3042 -1  -2
3023 -1 3014 -1  -2
3022 -1 3048 -1  -2
3023 -1 3016 -1  -2
3022 -1 3049 -1  -2
3022 -1 3051 -1  -2
3023 -1 3023 -1  -2
3023 -1 3022 -1  -2
3022 -1 3055 -1  -2
3022 -1 3058 -1  -2
3022 -1 3062 -1  -2
3023 -1 3031 -1  -2
3023 -1 3030 -1  -2
3022 -1 3064 -1  -2
3022 -1 3063 -1  -2
3023 -1 3035 -1  -2
3022 -1 3067 -1  -2
3024 -1 3005 -1  -2
3030 -1 3030 -1 3042 -1  -2
3022 -1 3069 -1  -2
3023 -1 3038 -1  -2
3022 -1 3074 -1  -2
3023 -1 3042 -1  -2
3022 -1 3076 -1  -2
3024 -1 3014 -1  -2
3022 -1 3075 -1  -2
3023 -1 3048 -1  -2
3030 -1 3031 -1 3031 -1  -2
3022 -1 3082 -1  -2
3024 -1 3022 -1  -2
3024 -1 3024 -1  -2
3022 -1 3082 -1 3082 -1  -2
3024 -1 3030 -1  -2
3023 -1 3063 -1  -2
3024 -1 3031 -1  -2
3023 -1 3064 -1  -2
3023 -1 3067 -1  -2
3024 -1 3035 -1  -2
3023 -1 3069 -1  -2
3024 -1 3042 -1  -2
3024 -1 3048 -1  -2
3023 -1 3082 -1  -2
3024 -1 3064 -1  -2
3024 -1 3063 -1  -2
3026 -1 3005 -1  -2
3024 -1 3069 -1  -2
3069 -1 3014 -1 3014 -1  -2
3026 -1 3014 -1  -2
3024 -1 3082 -1  -2
3026 -1 3022 -1  -2
3026 -1 3026 -1  -2
3026 -1 3030 -1  -2
3026 -1 3031 -1  -2
3027 -1 3005 -1  -2
3026 -1 3035 -1  -2
3027 -1 3007 -1  -2
3027 -1 3006 -1  -2
3027 -1 3008 -1  -2
3026 -1 3042 -1  -2
3027 -1 3014 -1  -2
3027 -1 3019 -1  -2
3026 -1 3051 -1  -2
3027 -1 3023 -1  -2
3027 -1 3022 -1  -2
3031 -1 3005 -1 3031 -1  -2
3027 -1 3027 -1  -2
3027 -1 3031 -1  -2
3027 -1 3030 -1  -2
3026 -1 3064 -1  -2
3026 -1 3063 -1  -2
3027 -1 3032 -1  -2
3027 -1 3035 -1  -2
3027 -1 3034 -1  -2
3028 -1 3005 -1  -2
3026 -1 3069 -1  -2
3027 -1 3038 -1  -2
3027 -1 3042 -1  -2
3028 -1 3014 -1  -2
3027 -1 3049 -1  -2
3027 -1 3048 -1  -2
3026 -1 3082 -1  -2
3027 -1 3051 -1  -2
3031 -1 3005 -1 3005 -1  -2
3027 -1 3055 -1  -2
3027 -1 3058 -1  -2
3028 -1 3030 -1  -2
3022 -1 3022 -1 3022 -1  -2
3027 -1 3063 -1  -2
3027 -1 3062 -1  -2
3028 -1 3031 -1  -2
3027 -1 3064 -1  -2
3027 -1 3067 -1  -2
3029 -1 3005 -1  -2
3027 -1 3069 -1  -2
3029 -1 3006 -1  -2
3028 -1 3042 -1  -2
3027 -1 3075 -1  -2
3027 -1 3074 -1  -2
3029 -1 3014 -1  -2
3022 -1 3022 -1 3031 -1  -2
3027 -1 3082 -1  -2
3029 -1 3023 -1  -2
3029 -1 3022 -1  -2
3029 -1 3029 -1  -2
3029 -1 3031 -1  -2
3029 -1 3030 -1  -2
3028 -1 3064 -1  -2
3029 -1 3035 -1  -2
3029 -1 3034 -1  -2
3030 -1 3006 -1  -2
3030 -1 3005 -1  -2
3030 -1 3008 -1  -2
3028 -1 3069 -1  -2
3029 -1 3038 -1  -2
3030 -1 3007 -1  -2
3014 -1 3005 -1 3005 -1  -2
3014 -1 3069 -1 3069 -1  -2
3029 -1 3042 -1  -2
3030 -1 3011 -1  -2
3030 -1 3014 -1  -2
3030 -1 3016 -1  -2
3069 -1 3082 -1 3082 -1  -2
3022 -1 3022 -1 3005 -1  -2
3029 -1 3049 -1  -2
3030 -1 3018 -1  -2
3029 -1 3048 -1  -2
3028 -1 3082 -1  -2
3030 -1 3019 -1  -2
3030 -1 3022 -1  -2
3031 -1 3005 -1 3069 -1  -2
3030 -1 3021 -1  -2
3030 -1 3023 -1  -2
3030 -1 3026 -1  -2
3030 -1 3027 -1  -2
3030 -1 3030 -1  -2
3030 -1 3029 -1  -2
3029 -1 3063 -1  -2
3030 -1 3032 -1  -2
3029 -1 3062 -1  -2
3030 -1 3031 -1  -2
3030 -1 3034 -1  -2
3029 -1 3064 -1  -2
3029 -1 3067 -1  -2
3030 -1 3036 -1  -2
3031 -1 3005 -1  -2
3030 -1 3035 -1  -2
3022 -1 3022 -1 3082 -1  -2
3029 -1 3069 -1  -2
3030 -1 3038 -1  -2
3031 -1 3007 -1  -2
3030 -1 3037 -1  -2
3031 -1 3006 -1  -2
3031 -1 3008 -1  -2
3030 -1 3042 -1  -2
3031 -1 3011 -1  -2
3030 -1 3046 -1  -2
3031 -1 3014 -1  -2
3030 -1 3048 -1  -2
3030 -1 3047 -1  -2
3031 -1 3016 -1  -2
3031 -1 3019 -1  -2
3030 -1 3049 -1  -2
3031 -1 3018 -1  -2
3030 -1 3052 -1  -2
3031 -1 3021 -1  -2
3029 -1 3082 -1  -2
3030 -1 3051 -1  -2
3031 -1 3023 -1  -2
3031 -1 3022 -1  -2
3030 -1 3055 -1  -2
3030 -1 3058 -1  -2
3031 -1 3027 -1  -2
3031 -1 3029 -1  -2
3030 -1 3062 -1  -2
3031 -1 3031 -1  -2
3031 -1 3030 -1  -2
3030 -1 3064 -1  -2
3030 -1 3063 -1  -2
3031 -1 3032 -1  -2
3030 -1 3066 -1  -2
3031 -1 3035 -1  -2
3030 -1 3065 -1  -2
3031 -1 3034 -1  -2
3031 -1 3037 -1  -2
3032 -1 3006 -1  -2
3030 -1 3067 -1  -2
3031 -1 3036 -1  -2
3032 -1 3005 -1  -2
3032 -1 3008 -1  -2
3030 -1 3069 -1  -2
3031 -1 3038 -1  -2
3030 -1 3074 -1  -2
3031 -1 3042 -1  -2
3030 -1 3076 -1  -2
3032 -1 3014 -1  -2
3030 -1 3075 -1  -2
3022 -1 3022 -1 3042 -1  -2
3031 -1 3047 -1  -2
3031 -1 3046 -1  -2
3031 -1 3049 -1  -2
3022 -1 3022 -1 3069 -1  -2
3031 -1 3048 -1  -2
3030 -1 3082 -1  -2
3031 -1 3051 -1  -2
3032 -1 3019 -1  -2
3032 -1 3022 -1  -2
3031 -1 3052 -1  -2
3031 -1 3055 -1  -2
3032 -1 3023 -1  -2
3031 -1 3058 -1  -2
3032 -1 3030 -1  -2
3031 -1 3063 -1  -2
3032 -1 3032 -1  -2
3031 -1 3062 -1  -2
3032 -1 3031 -1  -2
3032 -1 3034 -1  -2
3031 -1 3064 -1  -2
3031 -1 3067 -1  -2
3032 -1 3035 -1  -2
3031 -1 3069 -1  -2
3032 -1 3038 -1  -2
3032 -1 3042 -1  -2
3031 -1 3075 -1  -2
3031 -1 3074 -1  -2
3031 -1 3076 -1  -2
3032 -1 3048 -1  -2
3032 -1 3047 -1  -2
3049 -1 3049 -1 3005 -1  -2
3032 -1 3049 -1  -2
3031 -1 3082 -1  -2
3032 -1 3051 -1  -2
3032 -1 3055 -1  -2
3082 -1 3082 -1 3031 -1  -2
3032 -1 3058 -1  -2
3030 -1 3042 -1 3042 -1  -2
3032 -1 3062 -1  -2
3032 -1 3064 -1  -2
3032 -1 3063 -1  -2
3034 -1 3006 -1  -2
3032 -1 3067 -1  -2
3034 -1 3005 -1  -2
3034 -1 3008 -1  -2
3032 -1 3069 -1  -2
3034 -1 3007 -1  -2
3032 -1 3074 -1  -2
3034 -1 3014 -1  -2
3032 -1 3075 -1  -2
3032 -1 3082 -1  -2
3069 -1 3022 -1 3022 -1  -2
3034 -1 3019 -1  -2
3082 -1 3082 -1 3005 -1  -2
3034 -1 3022 -1  -2
3067 -1 3082 -1 3082 -1  -2
3034 -1 3023 -1  -2
3034 -1 3030 -1  -2
3034 -1 3032 -1  -2
3034 -1 3031 -1  -2
3034 -1 3034 -1  -2
3035 -1 3005 -1  -2
3034 -1 3035 -1  -2
3034 -1 3038 -1  -2
3035 -1 3007 -1  -2
3035 -1 3006 -1  -2
3082 -1 3082 -1 3082 -1  -2
3035 -1 3008 -1  -2
3034 -1 3042 -1  -2
3035 -1 3011 -1  -2
3035 -1 3014 -1  -2
3034 -1 3048 -1  -2
3034 -1 3047 -1  -2
3035 -1 3016 -1  -2
3035 -1 3019 -1  -2
3034 -1 3049 -1  -2
3035 -1 3018 -1  -2
3034 -1 3052 -1  -2
3035 -1 3021 -1  -2
3049 -1 3049 -1 3069 -1  -2
3034 -1 3051 -1  -2
3035 -1 3023 -1  -2
3035 -1 3022 -1  -2
3034 -1 3056 -1  -2
3034 -1 3055 -1  -2
3035 -1 3027 -1  -2
3034 -1 3062 -1  -2
3035 -1 3031 -1  -2
3035 -1 3030 -1  -2
3034 -1 3064 -1  -2
3034 -1 3063 -1  -2
3035 -1 3032 -1  -2
3035 -1 3035 -1  -2
3035 -1 3034 -1  -2
3035 -1 3037 -1  -2
3034 -1 3067 -1  -2
3035 -1 3036 -1  -2
3036 -1 3005 -1  -2
3034 -1 3069 -1  -2
3035 -1 3038 -1  -2
3034 -1 3074 -1  -2
3035 -1 3042 -1  -2
3034 -1 3076 -1  -2
3036 -1 3014 -1  -2
3034 -1 3075 -1  -2
3035 -1 3047 -1  -2
3035 -1 3049 -1  -2
3035 -1 3048 -1  -2
3034 -1 3082 -1  -2
3035 -1 3051 -1  -2
3036 -1 3022 -1  -2
3035 -1 3052 -1  -2
3082 -1 3082 -1 3069 -1  -2
3035 -1 3055 -1  -2
3035 -1 3056 -1  -2
3035 -1 3058 -1  -2
3035 -1 3063 -1  -2
3035 -1 3062 -1  -2
3036 -1 3031 -1  -2
3035 -1 3064 -1  -2
3035 -1 3067 -1  -2
3036 -1 3036 -1  -2
3037 -1 3005 -1  -2
3035 -1 3066 -1  -2
3035 -1 3069 -1  -2
3036 -1 3042 -1  -2
3035 -1 3075 -1  -2
3035 -1 3074 -1  -2
3035 -1 3076 -1  -2
3037 -1 3014 -1  -2
3014 -1 3014 -1 3014 -1  -2
3036 -1 3048 -1  -2
3035 -1 3082 -1  -2
3037 -1 3022 -1  -2
3036 -1 3058 -1  -2
3014 -1 3014 -1 3031 -1  -2
3037 -1 3031 -1  -2
3014 -1 3014 -1 3030 -1  -2
3022 -1 3031 -1 3005 -1  -2
3037 -1 3037 -1  -2
3038 -1 3006 -1  -2
3038 -1 3005 -1  -2
3038 -1 3008 -1  -2
3036 -1 3069 -1  -2
3038 -1 3007 -1  -2
3037 -1 3042 -1  -2
3038 -1 3014 -1  -2
3038 -1 3016 -1  -2
3037 -1 3048 -1  -2
3036 -1 3082 -1  -2
3038 -1 3019 -1  -2
3038 -1 3022 -1  -2
3038 -1 3021 -1  -2
3038 -1 3023 -1  -2
3038 -1 3027 -1  -2
3038 -1 3030 -1  -2
3038 -1 3032 -1  -2
3038 -1 3031 -1  -2
3038 -1 3034 -1  -2
3038 -1 3036 -1  -2
3038 -1 3035 -1  -2
3037 -1 3069 -1  -2
3038 -1 3038 -1  -2
3038 -1 3037 -1  -2
3038 -1 3042 -1  -2
3038 -1 3048 -1  -2
3038 -1 3047 -1  -2
3038 -1 3049 -1  -2
3014 -1 3016 -1 3014 -1  -2
3037 -1 3082 -1  -2
3038 -1 3051 -1  -2
3005 -1 3031 -1 3005 -1  -2
3005 -1 3031 -1 3031 -1  -2
3038 -1 3055 -1  -2
3038 -1 3058 -1  -2
3038 -1 3062 -1  -2
3038 -1 3064 -1  -2
3038 -1 3063 -1  -2
3038 -1 3065 -1  -2
3038 -1 3067 -1  -2
3040 -1 3005 -1  -2
3038 -1 3069 -1  -2
3038 -1 3074 -1  -2
3038 -1 3076 -1  -2
3038 -1 3075 -1  -2
3038 -1 3082 -1  -2
3014 -1 3014 -1 3069 -1  -2
3040 -1 3031 -1  -2
3040 -1 3035 -1  -2
3040 -1 3040 -1  -2
3069 -1 3031 -1 3005 -1  -2
3005 -1 3031 -1 3069 -1  -2
3069 -1 3031 -1 3031 -1  -2
3005 -1 3034 -1 3005 -1  -2
3042 -1 3006 -1  -2
3042 -1 3005 -1  -2
3042 -1 3008 -1  -2
3042 -1 3007 -1  -2
3069 -1 3030 -1 3014 -1  -2
3042 -1 3014 -1  -2
3042 -1 3016 -1  -2
3042 -1 3019 -1  -2
3042 -1 3022 -1  -2
3042 -1 3021 -1  -2
3042 -1 3023 -1  -2
3005 -1 3031 -1 3064 -1  -2
3042 -1 3027 -1  -2
3042 -1 3030 -1  -2
3042 -1 3029 -1  -2
3042 -1 3032 -1  -2
3042 -1 3031 -1  -2
3042 -1 3034 -1  -2
3042 -1 3036 -1  -2
3042 -1 3035 -1  -2
3042 -1 3038 -1  -2
3042 -1 3037 -1  -2

